       600
1 52 1353 1367 77
2 1353 1354 1368 1367
3 1354 1355 1369 1368
4 1355 1356 1370 1369
5 1356 1357 1371 1370
6 1357 1358 1372 1371
7 1358 1359 1373 1372
8 1359 703 727 1373
201 77 1367 1374 78
202 1367 1368 1375 1374
203 1368 1369 1376 1375
204 1369 1370 1377 1376
205 1370 1371 1378 1377
206 1371 1372 1379 1378
207 1372 1373 1380 1379
208 1373 727 726 1380
401 78 1374 1381 79
402 1374 1375 1382 1381
403 1375 1376 1383 1382
404 1376 1377 1384 1383
405 1377 1378 1385 1384
406 1378 1379 1386 1385
407 1379 1380 1387 1386
408 1380 726 725 1387
601 79 1381 1388 80
602 1381 1382 1389 1388
603 1382 1383 1390 1389
604 1383 1384 1391 1390
605 1384 1385 1392 1391
606 1385 1386 1393 1392
607 1386 1387 1394 1393
608 1387 725 724 1394
801 80 1388 1395 81
802 1388 1389 1396 1395
803 1389 1390 1397 1396
804 1390 1391 1398 1397
805 1391 1392 1399 1398
806 1392 1393 1400 1399
807 1393 1394 1401 1400
808 1394 724 723 1401
1001 81 1395 1402 82
1002 1395 1396 1403 1402
1003 1396 1397 1404 1403
1004 1397 1398 1405 1404
1005 1398 1399 1406 1405
1006 1399 1400 1407 1406
1007 1400 1401 1408 1407
1008 1401 723 722 1408
1201 82 1402 1409 83
1202 1402 1403 1410 1409
1203 1403 1404 1411 1410
1204 1404 1405 1412 1411
1205 1405 1406 1413 1412
1206 1406 1407 1414 1413
1207 1407 1408 1415 1414
1208 1408 722 721 1415
1401 83 1409 1416 84
1402 1409 1410 1417 1416
1403 1410 1411 1418 1417
1404 1411 1412 1419 1418
1405 1412 1413 1420 1419
1406 1413 1414 1421 1420
1407 1414 1415 1422 1421
1408 1415 721 720 1422
1601 84 1416 1423 85
1602 1416 1417 1424 1423
1603 1417 1418 1425 1424
1604 1418 1419 1426 1425
1605 1419 1420 1427 1426
1606 1420 1421 1428 1427
1607 1421 1422 1429 1428
1608 1422 720 719 1429
1801 85 1423 1430 86
1802 1423 1424 1431 1430
1803 1424 1425 1432 1431
1804 1425 1426 1433 1432
1805 1426 1427 1434 1433
1806 1427 1428 1435 1434
1807 1428 1429 1436 1435
1808 1429 719 718 1436
2001 86 1430 1437 87
2002 1430 1431 1438 1437
2003 1431 1432 1439 1438
2004 1432 1433 1440 1439
2005 1433 1434 1441 1440
2006 1434 1435 1442 1441
2007 1435 1436 1443 1442
2008 1436 718 717 1443
2201 87 1437 1444 88
2202 1437 1438 1445 1444
2203 1438 1439 1446 1445
2204 1439 1440 1447 1446
2205 1440 1441 1448 1447
2206 1441 1442 1449 1448
2207 1442 1443 1450 1449
2208 1443 717 716 1450
2401 88 1444 1451 89
2402 1444 1445 1452 1451
2403 1445 1446 1453 1452
2404 1446 1447 1454 1453
2405 1447 1448 1455 1454
2406 1448 1449 1456 1455
2407 1449 1450 1457 1456
2408 1450 716 715 1457
2601 89 1451 1458 90
2602 1451 1452 1459 1458
2603 1452 1453 1460 1459
2604 1453 1454 1461 1460
2605 1454 1455 1462 1461
2606 1455 1456 1463 1462
2607 1456 1457 1464 1463
2608 1457 715 714 1464
2801 90 1458 1465 91
2802 1458 1459 1466 1465
2803 1459 1460 1467 1466
2804 1460 1461 1468 1467
2805 1461 1462 1469 1468
2806 1462 1463 1470 1469
2807 1463 1464 1471 1470
2808 1464 714 713 1471
3001 91 1465 1472 92
3002 1465 1466 1473 1472
3003 1466 1467 1474 1473
3004 1467 1468 1475 1474
3005 1468 1469 1476 1475
3006 1469 1470 1477 1476
3007 1470 1471 1478 1477
3008 1471 713 712 1478
3201 92 1472 1479 93
3202 1472 1473 1480 1479
3203 1473 1474 1481 1480
3204 1474 1475 1482 1481
3205 1475 1476 1483 1482
3206 1476 1477 1484 1483
3207 1477 1478 1485 1484
3208 1478 712 711 1485
3401 93 1479 1486 94
3402 1479 1480 1487 1486
3403 1480 1481 1488 1487
3404 1481 1482 1489 1488
3405 1482 1483 1490 1489
3406 1483 1484 1491 1490
3407 1484 1485 1492 1491
3408 1485 711 710 1492
3601 94 1486 1493 95
3602 1486 1487 1494 1493
3603 1487 1488 1495 1494
3604 1488 1489 1496 1495
3605 1489 1490 1497 1496
3606 1490 1491 1498 1497
3607 1491 1492 1499 1498
3608 1492 710 709 1499
3801 95 1493 1500 96
3802 1493 1494 1501 1500
3803 1494 1495 1502 1501
3804 1495 1496 1503 1502
3805 1496 1497 1504 1503
3806 1497 1498 1505 1504
3807 1498 1499 1506 1505
3808 1499 709 708 1506
4001 96 1500 1507 97
4002 1500 1501 1508 1507
4003 1501 1502 1509 1508
4004 1502 1503 1510 1509
4005 1503 1504 1511 1510
4006 1504 1505 1512 1511
4007 1505 1506 1513 1512
4008 1506 708 707 1513
4201 97 1507 1514 98
4202 1507 1508 1515 1514
4203 1508 1509 1516 1515
4204 1509 1510 1517 1516
4205 1510 1511 1518 1517
4206 1511 1512 1519 1518
4207 1512 1513 1520 1519
4208 1513 707 706 1520
4401 98 1514 1521 99
4402 1514 1515 1522 1521
4403 1515 1516 1523 1522
4404 1516 1517 1524 1523
4405 1517 1518 1525 1524
4406 1518 1519 1526 1525
4407 1519 1520 1527 1526
4408 1520 706 705 1527
4601 99 1521 1528 100
4602 1521 1522 1529 1528
4603 1522 1523 1530 1529
4604 1523 1524 1531 1530
4605 1524 1525 1532 1531
4606 1525 1526 1533 1532
4607 1526 1527 1534 1533
4608 1527 705 704 1534
4801 100 1528 1360 1
4802 1528 1529 1361 1360
4803 1529 1530 1362 1361
4804 1530 1531 1363 1362
4805 1531 1532 1364 1363
4806 1532 1533 1365 1364
4807 1533 1534 1366 1365
4808 1534 704 678 1366
5001 6136 52 77 6161
5026 6161 77 78 6162
5051 6162 78 79 6163
5076 6163 79 80 6164
5101 6164 80 81 6165
5126 6165 81 82 6166
5151 6166 82 83 6167
5176 6167 83 84 6168
5201 6168 84 85 6169
5226 6169 85 86 6170
5251 6170 86 87 6171
5276 6171 87 88 6172
5301 6172 88 89 6173
5326 6173 89 90 6174
5351 6174 90 91 6175
5376 6175 91 92 6176
5401 6176 92 93 6177
5426 6177 93 94 6178
5451 6178 94 95 6179
5476 6179 95 96 6180
5501 6180 96 97 6181
5526 6181 97 98 6182
5551 6182 98 99 6183
5576 6183 99 100 6184
5601 6184 100 1 6085
5626 6812 7437 7465 6837
5627 7437 7438 7466 7465
5628 7438 7439 7467 7466
5629 7439 7440 7468 7467
5630 7440 7441 7469 7468
5631 7441 7442 7470 7469
5632 7442 7443 7471 7470
5633 7443 7444 7472 7471
5634 7444 7445 7473 7472
5635 7445 7446 7474 7473
5636 7446 7447 7475 7474
5637 7447 7448 7476 7475
5638 7448 7449 7477 7476
5639 7449 7450 7478 7477
5640 7450 6136 6161 7478
6001 6837 7465 7479 6838
6002 7465 7466 7480 7479
6003 7466 7467 7481 7480
6004 7467 7468 7482 7481
6005 7468 7469 7483 7482
6006 7469 7470 7484 7483
6007 7470 7471 7485 7484
6008 7471 7472 7486 7485
6009 7472 7473 7487 7486
6010 7473 7474 7488 7487
6011 7474 7475 7489 7488
6012 7475 7476 7490 7489
6013 7476 7477 7491 7490
6014 7477 7478 7492 7491
6015 7478 6161 6162 7492
6376 6838 7479 7493 6839
6377 7479 7480 7494 7493
6378 7480 7481 7495 7494
6379 7481 7482 7496 7495
6380 7482 7483 7497 7496
6381 7483 7484 7498 7497
6382 7484 7485 7499 7498
6383 7485 7486 7500 7499
6384 7486 7487 7501 7500
6385 7487 7488 7502 7501
6386 7488 7489 7503 7502
6387 7489 7490 7504 7503
6388 7490 7491 7505 7504
6389 7491 7492 7506 7505
6390 7492 6162 6163 7506
6751 6839 7493 7507 6840
6752 7493 7494 7508 7507
6753 7494 7495 7509 7508
6754 7495 7496 7510 7509
6755 7496 7497 7511 7510
6756 7497 7498 7512 7511
6757 7498 7499 7513 7512
6758 7499 7500 7514 7513
6759 7500 7501 7515 7514
6760 7501 7502 7516 7515
6761 7502 7503 7517 7516
6762 7503 7504 7518 7517
6763 7504 7505 7519 7518
6764 7505 7506 7520 7519
6765 7506 6163 6164 7520
7126 6840 7507 7521 6841
7127 7507 7508 7522 7521
7128 7508 7509 7523 7522
7129 7509 7510 7524 7523
7130 7510 7511 7525 7524
7131 7511 7512 7526 7525
7132 7512 7513 7527 7526
7133 7513 7514 7528 7527
7134 7514 7515 7529 7528
7135 7515 7516 7530 7529
7136 7516 7517 7531 7530
7137 7517 7518 7532 7531
7138 7518 7519 7533 7532
7139 7519 7520 7534 7533
7140 7520 6164 6165 7534
7501 6841 7521 7535 6842
7502 7521 7522 7536 7535
7503 7522 7523 7537 7536
7504 7523 7524 7538 7537
7505 7524 7525 7539 7538
7506 7525 7526 7540 7539
7507 7526 7527 7541 7540
7508 7527 7528 7542 7541
7509 7528 7529 7543 7542
7510 7529 7530 7544 7543
7511 7530 7531 7545 7544
7512 7531 7532 7546 7545
7513 7532 7533 7547 7546
7514 7533 7534 7548 7547
7515 7534 6165 6166 7548
7876 6842 7535 7549 6843
7877 7535 7536 7550 7549
7878 7536 7537 7551 7550
7879 7537 7538 7552 7551
7880 7538 7539 7553 7552
7881 7539 7540 7554 7553
7882 7540 7541 7555 7554
7883 7541 7542 7556 7555
7884 7542 7543 7557 7556
7885 7543 7544 7558 7557
7886 7544 7545 7559 7558
7887 7545 7546 7560 7559
7888 7546 7547 7561 7560
7889 7547 7548 7562 7561
7890 7548 6166 6167 7562
8251 6843 7549 7563 6844
8252 7549 7550 7564 7563
8253 7550 7551 7565 7564
8254 7551 7552 7566 7565
8255 7552 7553 7567 7566
8256 7553 7554 7568 7567
8257 7554 7555 7569 7568
8258 7555 7556 7570 7569
8259 7556 7557 7571 7570
8260 7557 7558 7572 7571
8261 7558 7559 7573 7572
8262 7559 7560 7574 7573
8263 7560 7561 7575 7574
8264 7561 7562 7576 7575
8265 7562 6167 6168 7576
8626 6844 7563 7577 6845
8627 7563 7564 7578 7577
8628 7564 7565 7579 7578
8629 7565 7566 7580 7579
8630 7566 7567 7581 7580
8631 7567 7568 7582 7581
8632 7568 7569 7583 7582
8633 7569 7570 7584 7583
8634 7570 7571 7585 7584
8635 7571 7572 7586 7585
8636 7572 7573 7587 7586
8637 7573 7574 7588 7587
8638 7574 7575 7589 7588
8639 7575 7576 7590 7589
8640 7576 6168 6169 7590
9001 6845 7577 7591 6846
9002 7577 7578 7592 7591
9003 7578 7579 7593 7592
9004 7579 7580 7594 7593
9005 7580 7581 7595 7594
9006 7581 7582 7596 7595
9007 7582 7583 7597 7596
9008 7583 7584 7598 7597
9009 7584 7585 7599 7598
9010 7585 7586 7600 7599
9011 7586 7587 7601 7600
9012 7587 7588 7602 7601
9013 7588 7589 7603 7602
9014 7589 7590 7604 7603
9015 7590 6169 6170 7604
9376 6846 7591 7605 6847
9377 7591 7592 7606 7605
9378 7592 7593 7607 7606
9379 7593 7594 7608 7607
9380 7594 7595 7609 7608
9381 7595 7596 7610 7609
9382 7596 7597 7611 7610
9383 7597 7598 7612 7611
9384 7598 7599 7613 7612
9385 7599 7600 7614 7613
9386 7600 7601 7615 7614
9387 7601 7602 7616 7615
9388 7602 7603 7617 7616
9389 7603 7604 7618 7617
9390 7604 6170 6171 7618
9751 6847 7605 7619 6848
9752 7605 7606 7620 7619
9753 7606 7607 7621 7620
9754 7607 7608 7622 7621
9755 7608 7609 7623 7622
9756 7609 7610 7624 7623
9757 7610 7611 7625 7624
9758 7611 7612 7626 7625
9759 7612 7613 7627 7626
9760 7613 7614 7628 7627
9761 7614 7615 7629 7628
9762 7615 7616 7630 7629
9763 7616 7617 7631 7630
9764 7617 7618 7632 7631
9765 7618 6171 6172 7632
10126 6848 7619 7633 6849
10127 7619 7620 7634 7633
10128 7620 7621 7635 7634
10129 7621 7622 7636 7635
10130 7622 7623 7637 7636
10131 7623 7624 7638 7637
10132 7624 7625 7639 7638
10133 7625 7626 7640 7639
10134 7626 7627 7641 7640
10135 7627 7628 7642 7641
10136 7628 7629 7643 7642
10137 7629 7630 7644 7643
10138 7630 7631 7645 7644
10139 7631 7632 7646 7645
10140 7632 6172 6173 7646
10501 6849 7633 7647 6850
10502 7633 7634 7648 7647
10503 7634 7635 7649 7648
10504 7635 7636 7650 7649
10505 7636 7637 7651 7650
10506 7637 7638 7652 7651
10507 7638 7639 7653 7652
10508 7639 7640 7654 7653
10509 7640 7641 7655 7654
10510 7641 7642 7656 7655
10511 7642 7643 7657 7656
10512 7643 7644 7658 7657
10513 7644 7645 7659 7658
10514 7645 7646 7660 7659
10515 7646 6173 6174 7660
10876 6850 7647 7661 6851
10877 7647 7648 7662 7661
10878 7648 7649 7663 7662
10879 7649 7650 7664 7663
10880 7650 7651 7665 7664
10881 7651 7652 7666 7665
10882 7652 7653 7667 7666
10883 7653 7654 7668 7667
10884 7654 7655 7669 7668
10885 7655 7656 7670 7669
10886 7656 7657 7671 7670
10887 7657 7658 7672 7671
10888 7658 7659 7673 7672
10889 7659 7660 7674 7673
10890 7660 6174 6175 7674
11251 6851 7661 7675 6852
11252 7661 7662 7676 7675
11253 7662 7663 7677 7676
11254 7663 7664 7678 7677
11255 7664 7665 7679 7678
11256 7665 7666 7680 7679
11257 7666 7667 7681 7680
11258 7667 7668 7682 7681
11259 7668 7669 7683 7682
11260 7669 7670 7684 7683
11261 7670 7671 7685 7684
11262 7671 7672 7686 7685
11263 7672 7673 7687 7686
11264 7673 7674 7688 7687
11265 7674 6175 6176 7688
11626 6852 7675 7689 6853
11627 7675 7676 7690 7689
11628 7676 7677 7691 7690
11629 7677 7678 7692 7691
11630 7678 7679 7693 7692
11631 7679 7680 7694 7693
11632 7680 7681 7695 7694
11633 7681 7682 7696 7695
11634 7682 7683 7697 7696
11635 7683 7684 7698 7697
11636 7684 7685 7699 7698
11637 7685 7686 7700 7699
11638 7686 7687 7701 7700
11639 7687 7688 7702 7701
11640 7688 6176 6177 7702
12001 6853 7689 7703 6854
12002 7689 7690 7704 7703
12003 7690 7691 7705 7704
12004 7691 7692 7706 7705
12005 7692 7693 7707 7706
12006 7693 7694 7708 7707
12007 7694 7695 7709 7708
12008 7695 7696 7710 7709
12009 7696 7697 7711 7710
12010 7697 7698 7712 7711
12011 7698 7699 7713 7712
12012 7699 7700 7714 7713
12013 7700 7701 7715 7714
12014 7701 7702 7716 7715
12015 7702 6177 6178 7716
12376 6854 7703 7717 6855
12377 7703 7704 7718 7717
12378 7704 7705 7719 7718
12379 7705 7706 7720 7719
12380 7706 7707 7721 7720
12381 7707 7708 7722 7721
12382 7708 7709 7723 7722
12383 7709 7710 7724 7723
12384 7710 7711 7725 7724
12385 7711 7712 7726 7725
12386 7712 7713 7727 7726
12387 7713 7714 7728 7727
12388 7714 7715 7729 7728
12389 7715 7716 7730 7729
12390 7716 6178 6179 7730
12751 6855 7717 7731 6856
12752 7717 7718 7732 7731
12753 7718 7719 7733 7732
12754 7719 7720 7734 7733
12755 7720 7721 7735 7734
12756 7721 7722 7736 7735
12757 7722 7723 7737 7736
12758 7723 7724 7738 7737
12759 7724 7725 7739 7738
12760 7725 7726 7740 7739
12761 7726 7727 7741 7740
12762 7727 7728 7742 7741
12763 7728 7729 7743 7742
12764 7729 7730 7744 7743
12765 7730 6179 6180 7744
13126 6856 7731 7745 6857
13127 7731 7732 7746 7745
13128 7732 7733 7747 7746
13129 7733 7734 7748 7747
13130 7734 7735 7749 7748
13131 7735 7736 7750 7749
13132 7736 7737 7751 7750
13133 7737 7738 7752 7751
13134 7738 7739 7753 7752
13135 7739 7740 7754 7753
13136 7740 7741 7755 7754
13137 7741 7742 7756 7755
13138 7742 7743 7757 7756
13139 7743 7744 7758 7757
13140 7744 6180 6181 7758
13501 6857 7745 7759 6858
13502 7745 7746 7760 7759
13503 7746 7747 7761 7760
13504 7747 7748 7762 7761
13505 7748 7749 7763 7762
13506 7749 7750 7764 7763
13507 7750 7751 7765 7764
13508 7751 7752 7766 7765
13509 7752 7753 7767 7766
13510 7753 7754 7768 7767
13511 7754 7755 7769 7768
13512 7755 7756 7770 7769
13513 7756 7757 7771 7770
13514 7757 7758 7772 7771
13515 7758 6181 6182 7772
13876 6858 7759 7773 6859
13877 7759 7760 7774 7773
13878 7760 7761 7775 7774
13879 7761 7762 7776 7775
13880 7762 7763 7777 7776
13881 7763 7764 7778 7777
13882 7764 7765 7779 7778
13883 7765 7766 7780 7779
13884 7766 7767 7781 7780
13885 7767 7768 7782 7781
13886 7768 7769 7783 7782
13887 7769 7770 7784 7783
13888 7770 7771 7785 7784
13889 7771 7772 7786 7785
13890 7772 6182 6183 7786
14251 6859 7773 7787 6860
14252 7773 7774 7788 7787
14253 7774 7775 7789 7788
14254 7775 7776 7790 7789
14255 7776 7777 7791 7790
14256 7777 7778 7792 7791
14257 7778 7779 7793 7792
14258 7779 7780 7794 7793
14259 7780 7781 7795 7794
14260 7781 7782 7796 7795
14261 7782 7783 7797 7796
14262 7783 7784 7798 7797
14263 7784 7785 7799 7798
14264 7785 7786 7800 7799
14265 7786 6183 6184 7800
14626 6860 7787 7451 6761
14627 7787 7788 7452 7451
14628 7788 7789 7453 7452
14629 7789 7790 7454 7453
14630 7790 7791 7455 7454
14631 7791 7792 7456 7455
14632 7792 7793 7457 7456
14633 7793 7794 7458 7457
14634 7794 7795 7459 7458
14635 7795 7796 7460 7459
14636 7796 7797 7461 7460
14637 7797 7798 7462 7461
14638 7798 7799 7463 7462
14639 7799 7800 7464 7463
14640 7800 6184 6085 7464
