       600
4801 1 1360 1885 3
4802 1360 1361 1886 1885
4803 1361 1362 1887 1886
4804 1362 1363 1888 1887
4805 1363 1364 1889 1888
4806 1364 1365 1890 1889
4807 1365 1366 1891 1890
4808 1366 678 702 1891
4809 3 1885 1892 4
4810 1885 1886 1893 1892
4811 1886 1887 1894 1893
4812 1887 1888 1895 1894
4813 1888 1889 1896 1895
4814 1889 1890 1897 1896
4815 1890 1891 1898 1897
4816 1891 702 701 1898
4817 4 1892 1899 5
4818 1892 1893 1900 1899
4819 1893 1894 1901 1900
4820 1894 1895 1902 1901
4821 1895 1896 1903 1902
4822 1896 1897 1904 1903
4823 1897 1898 1905 1904
4824 1898 701 700 1905
4825 5 1899 1906 6
4826 1899 1900 1907 1906
4827 1900 1901 1908 1907
4828 1901 1902 1909 1908
4829 1902 1903 1910 1909
4830 1903 1904 1911 1910
4831 1904 1905 1912 1911
4832 1905 700 699 1912
4833 6 1906 1913 7
4834 1906 1907 1914 1913
4835 1907 1908 1915 1914
4836 1908 1909 1916 1915
4837 1909 1910 1917 1916
4838 1910 1911 1918 1917
4839 1911 1912 1919 1918
4840 1912 699 698 1919
4841 7 1913 1920 8
4842 1913 1914 1921 1920
4843 1914 1915 1922 1921
4844 1915 1916 1923 1922
4845 1916 1917 1924 1923
4846 1917 1918 1925 1924
4847 1918 1919 1926 1925
4848 1919 698 697 1926
4849 8 1920 1927 9
4850 1920 1921 1928 1927
4851 1921 1922 1929 1928
4852 1922 1923 1930 1929
4853 1923 1924 1931 1930
4854 1924 1925 1932 1931
4855 1925 1926 1933 1932
4856 1926 697 696 1933
4857 9 1927 1934 10
4858 1927 1928 1935 1934
4859 1928 1929 1936 1935
4860 1929 1930 1937 1936
4861 1930 1931 1938 1937
4862 1931 1932 1939 1938
4863 1932 1933 1940 1939
4864 1933 696 695 1940
4865 10 1934 1941 11
4866 1934 1935 1942 1941
4867 1935 1936 1943 1942
4868 1936 1937 1944 1943
4869 1937 1938 1945 1944
4870 1938 1939 1946 1945
4871 1939 1940 1947 1946
4872 1940 695 694 1947
4873 11 1941 1948 12
4874 1941 1942 1949 1948
4875 1942 1943 1950 1949
4876 1943 1944 1951 1950
4877 1944 1945 1952 1951
4878 1945 1946 1953 1952
4879 1946 1947 1954 1953
4880 1947 694 693 1954
4881 12 1948 1955 13
4882 1948 1949 1956 1955
4883 1949 1950 1957 1956
4884 1950 1951 1958 1957
4885 1951 1952 1959 1958
4886 1952 1953 1960 1959
4887 1953 1954 1961 1960
4888 1954 693 692 1961
4889 13 1955 1962 14
4890 1955 1956 1963 1962
4891 1956 1957 1964 1963
4892 1957 1958 1965 1964
4893 1958 1959 1966 1965
4894 1959 1960 1967 1966
4895 1960 1961 1968 1967
4896 1961 692 691 1968
4897 14 1962 1969 15
4898 1962 1963 1970 1969
4899 1963 1964 1971 1970
4900 1964 1965 1972 1971
4901 1965 1966 1973 1972
4902 1966 1967 1974 1973
4903 1967 1968 1975 1974
4904 1968 691 690 1975
4905 15 1969 1976 16
4906 1969 1970 1977 1976
4907 1970 1971 1978 1977
4908 1971 1972 1979 1978
4909 1972 1973 1980 1979
4910 1973 1974 1981 1980
4911 1974 1975 1982 1981
4912 1975 690 689 1982
4913 16 1976 1983 17
4914 1976 1977 1984 1983
4915 1977 1978 1985 1984
4916 1978 1979 1986 1985
4917 1979 1980 1987 1986
4918 1980 1981 1988 1987
4919 1981 1982 1989 1988
4920 1982 689 688 1989
4921 17 1983 1990 18
4922 1983 1984 1991 1990
4923 1984 1985 1992 1991
4924 1985 1986 1993 1992
4925 1986 1987 1994 1993
4926 1987 1988 1995 1994
4927 1988 1989 1996 1995
4928 1989 688 687 1996
4929 18 1990 1997 19
4930 1990 1991 1998 1997
4931 1991 1992 1999 1998
4932 1992 1993 2000 1999
4933 1993 1994 2001 2000
4934 1994 1995 2002 2001
4935 1995 1996 2003 2002
4936 1996 687 686 2003
4937 19 1997 2004 20
4938 1997 1998 2005 2004
4939 1998 1999 2006 2005
4940 1999 2000 2007 2006
4941 2000 2001 2008 2007
4942 2001 2002 2009 2008
4943 2002 2003 2010 2009
4944 2003 686 685 2010
4945 20 2004 2011 21
4946 2004 2005 2012 2011
4947 2005 2006 2013 2012
4948 2006 2007 2014 2013
4949 2007 2008 2015 2014
4950 2008 2009 2016 2015
4951 2009 2010 2017 2016
4952 2010 685 684 2017
4953 21 2011 2018 22
4954 2011 2012 2019 2018
4955 2012 2013 2020 2019
4956 2013 2014 2021 2020
4957 2014 2015 2022 2021
4958 2015 2016 2023 2022
4959 2016 2017 2024 2023
4960 2017 684 683 2024
4961 22 2018 2025 23
4962 2018 2019 2026 2025
4963 2019 2020 2027 2026
4964 2020 2021 2028 2027
4965 2021 2022 2029 2028
4966 2022 2023 2030 2029
4967 2023 2024 2031 2030
4968 2024 683 682 2031
4969 23 2025 2032 24
4970 2025 2026 2033 2032
4971 2026 2027 2034 2033
4972 2027 2028 2035 2034
4973 2028 2029 2036 2035
4974 2029 2030 2037 2036
4975 2030 2031 2038 2037
4976 2031 682 681 2038
4977 24 2032 2039 25
4978 2032 2033 2040 2039
4979 2033 2034 2041 2040
4980 2034 2035 2042 2041
4981 2035 2036 2043 2042
4982 2036 2037 2044 2043
4983 2037 2038 2045 2044
4984 2038 681 680 2045
4985 25 2039 2046 26
4986 2039 2040 2047 2046
4987 2040 2041 2048 2047
4988 2041 2042 2049 2048
4989 2042 2043 2050 2049
4990 2043 2044 2051 2050
4991 2044 2045 2052 2051
4992 2045 680 679 2052
4993 26 2046 1710 2
4994 2046 2047 1711 1710
4995 2047 2048 1712 1711
4996 2048 2049 1713 1712
4997 2049 2050 1714 1713
4998 2050 2051 1715 1714
4999 2051 2052 1716 1715
5000 2052 679 677 1716
5601 6085 1 3 6087
5602 6087 3 4 6088
5603 6088 4 5 6089
5604 6089 5 6 6090
5605 6090 6 7 6091
5606 6091 7 8 6092
5607 6092 8 9 6093
5608 6093 9 10 6094
5609 6094 10 11 6095
5610 6095 11 12 6096
5611 6096 12 13 6097
5612 6097 13 14 6098
5613 6098 14 15 6099
5614 6099 15 16 6100
5615 6100 16 17 6101
5616 6101 17 18 6102
5617 6102 18 19 6103
5618 6103 19 20 6104
5619 6104 20 21 6105
5620 6105 21 22 6106
5621 6106 22 23 6107
5622 6107 23 24 6108
5623 6108 24 25 6109
5624 6109 25 26 6110
5625 6110 26 2 6086
14626 6761 7451 8501 6763
14627 7451 7452 8502 8501
14628 7452 7453 8503 8502
14629 7453 7454 8504 8503
14630 7454 7455 8505 8504
14631 7455 7456 8506 8505
14632 7456 7457 8507 8506
14633 7457 7458 8508 8507
14634 7458 7459 8509 8508
14635 7459 7460 8510 8509
14636 7460 7461 8511 8510
14637 7461 7462 8512 8511
14638 7462 7463 8513 8512
14639 7463 7464 8514 8513
14640 7464 6085 6087 8514
14641 6763 8501 8515 6764
14642 8501 8502 8516 8515
14643 8502 8503 8517 8516
14644 8503 8504 8518 8517
14645 8504 8505 8519 8518
14646 8505 8506 8520 8519
14647 8506 8507 8521 8520
14648 8507 8508 8522 8521
14649 8508 8509 8523 8522
14650 8509 8510 8524 8523
14651 8510 8511 8525 8524
14652 8511 8512 8526 8525
14653 8512 8513 8527 8526
14654 8513 8514 8528 8527
14655 8514 6087 6088 8528
14656 6764 8515 8529 6765
14657 8515 8516 8530 8529
14658 8516 8517 8531 8530
14659 8517 8518 8532 8531
14660 8518 8519 8533 8532
14661 8519 8520 8534 8533
14662 8520 8521 8535 8534
14663 8521 8522 8536 8535
14664 8522 8523 8537 8536
14665 8523 8524 8538 8537
14666 8524 8525 8539 8538
14667 8525 8526 8540 8539
14668 8526 8527 8541 8540
14669 8527 8528 8542 8541
14670 8528 6088 6089 8542
14671 6765 8529 8543 6766
14672 8529 8530 8544 8543
14673 8530 8531 8545 8544
14674 8531 8532 8546 8545
14675 8532 8533 8547 8546
14676 8533 8534 8548 8547
14677 8534 8535 8549 8548
14678 8535 8536 8550 8549
14679 8536 8537 8551 8550
14680 8537 8538 8552 8551
14681 8538 8539 8553 8552
14682 8539 8540 8554 8553
14683 8540 8541 8555 8554
14684 8541 8542 8556 8555
14685 8542 6089 6090 8556
14686 6766 8543 8557 6767
14687 8543 8544 8558 8557
14688 8544 8545 8559 8558
14689 8545 8546 8560 8559
14690 8546 8547 8561 8560
14691 8547 8548 8562 8561
14692 8548 8549 8563 8562
14693 8549 8550 8564 8563
14694 8550 8551 8565 8564
14695 8551 8552 8566 8565
14696 8552 8553 8567 8566
14697 8553 8554 8568 8567
14698 8554 8555 8569 8568
14699 8555 8556 8570 8569
14700 8556 6090 6091 8570
14701 6767 8557 8571 6768
14702 8557 8558 8572 8571
14703 8558 8559 8573 8572
14704 8559 8560 8574 8573
14705 8560 8561 8575 8574
14706 8561 8562 8576 8575
14707 8562 8563 8577 8576
14708 8563 8564 8578 8577
14709 8564 8565 8579 8578
14710 8565 8566 8580 8579
14711 8566 8567 8581 8580
14712 8567 8568 8582 8581
14713 8568 8569 8583 8582
14714 8569 8570 8584 8583
14715 8570 6091 6092 8584
14716 6768 8571 8585 6769
14717 8571 8572 8586 8585
14718 8572 8573 8587 8586
14719 8573 8574 8588 8587
14720 8574 8575 8589 8588
14721 8575 8576 8590 8589
14722 8576 8577 8591 8590
14723 8577 8578 8592 8591
14724 8578 8579 8593 8592
14725 8579 8580 8594 8593
14726 8580 8581 8595 8594
14727 8581 8582 8596 8595
14728 8582 8583 8597 8596
14729 8583 8584 8598 8597
14730 8584 6092 6093 8598
14731 6769 8585 8599 6770
14732 8585 8586 8600 8599
14733 8586 8587 8601 8600
14734 8587 8588 8602 8601
14735 8588 8589 8603 8602
14736 8589 8590 8604 8603
14737 8590 8591 8605 8604
14738 8591 8592 8606 8605
14739 8592 8593 8607 8606
14740 8593 8594 8608 8607
14741 8594 8595 8609 8608
14742 8595 8596 8610 8609
14743 8596 8597 8611 8610
14744 8597 8598 8612 8611
14745 8598 6093 6094 8612
14746 6770 8599 8613 6771
14747 8599 8600 8614 8613
14748 8600 8601 8615 8614
14749 8601 8602 8616 8615
14750 8602 8603 8617 8616
14751 8603 8604 8618 8617
14752 8604 8605 8619 8618
14753 8605 8606 8620 8619
14754 8606 8607 8621 8620
14755 8607 8608 8622 8621
14756 8608 8609 8623 8622
14757 8609 8610 8624 8623
14758 8610 8611 8625 8624
14759 8611 8612 8626 8625
14760 8612 6094 6095 8626
14761 6771 8613 8627 6772
14762 8613 8614 8628 8627
14763 8614 8615 8629 8628
14764 8615 8616 8630 8629
14765 8616 8617 8631 8630
14766 8617 8618 8632 8631
14767 8618 8619 8633 8632
14768 8619 8620 8634 8633
14769 8620 8621 8635 8634
14770 8621 8622 8636 8635
14771 8622 8623 8637 8636
14772 8623 8624 8638 8637
14773 8624 8625 8639 8638
14774 8625 8626 8640 8639
14775 8626 6095 6096 8640
14776 6772 8627 8641 6773
14777 8627 8628 8642 8641
14778 8628 8629 8643 8642
14779 8629 8630 8644 8643
14780 8630 8631 8645 8644
14781 8631 8632 8646 8645
14782 8632 8633 8647 8646
14783 8633 8634 8648 8647
14784 8634 8635 8649 8648
14785 8635 8636 8650 8649
14786 8636 8637 8651 8650
14787 8637 8638 8652 8651
14788 8638 8639 8653 8652
14789 8639 8640 8654 8653
14790 8640 6096 6097 8654
14791 6773 8641 8655 6774
14792 8641 8642 8656 8655
14793 8642 8643 8657 8656
14794 8643 8644 8658 8657
14795 8644 8645 8659 8658
14796 8645 8646 8660 8659
14797 8646 8647 8661 8660
14798 8647 8648 8662 8661
14799 8648 8649 8663 8662
14800 8649 8650 8664 8663
14801 8650 8651 8665 8664
14802 8651 8652 8666 8665
14803 8652 8653 8667 8666
14804 8653 8654 8668 8667
14805 8654 6097 6098 8668
14806 6774 8655 8669 6775
14807 8655 8656 8670 8669
14808 8656 8657 8671 8670
14809 8657 8658 8672 8671
14810 8658 8659 8673 8672
14811 8659 8660 8674 8673
14812 8660 8661 8675 8674
14813 8661 8662 8676 8675
14814 8662 8663 8677 8676
14815 8663 8664 8678 8677
14816 8664 8665 8679 8678
14817 8665 8666 8680 8679
14818 8666 8667 8681 8680
14819 8667 8668 8682 8681
14820 8668 6098 6099 8682
14821 6775 8669 8683 6776
14822 8669 8670 8684 8683
14823 8670 8671 8685 8684
14824 8671 8672 8686 8685
14825 8672 8673 8687 8686
14826 8673 8674 8688 8687
14827 8674 8675 8689 8688
14828 8675 8676 8690 8689
14829 8676 8677 8691 8690
14830 8677 8678 8692 8691
14831 8678 8679 8693 8692
14832 8679 8680 8694 8693
14833 8680 8681 8695 8694
14834 8681 8682 8696 8695
14835 8682 6099 6100 8696
14836 6776 8683 8697 6777
14837 8683 8684 8698 8697
14838 8684 8685 8699 8698
14839 8685 8686 8700 8699
14840 8686 8687 8701 8700
14841 8687 8688 8702 8701
14842 8688 8689 8703 8702
14843 8689 8690 8704 8703
14844 8690 8691 8705 8704
14845 8691 8692 8706 8705
14846 8692 8693 8707 8706
14847 8693 8694 8708 8707
14848 8694 8695 8709 8708
14849 8695 8696 8710 8709
14850 8696 6100 6101 8710
14851 6777 8697 8711 6778
14852 8697 8698 8712 8711
14853 8698 8699 8713 8712
14854 8699 8700 8714 8713
14855 8700 8701 8715 8714
14856 8701 8702 8716 8715
14857 8702 8703 8717 8716
14858 8703 8704 8718 8717
14859 8704 8705 8719 8718
14860 8705 8706 8720 8719
14861 8706 8707 8721 8720
14862 8707 8708 8722 8721
14863 8708 8709 8723 8722
14864 8709 8710 8724 8723
14865 8710 6101 6102 8724
14866 6778 8711 8725 6779
14867 8711 8712 8726 8725
14868 8712 8713 8727 8726
14869 8713 8714 8728 8727
14870 8714 8715 8729 8728
14871 8715 8716 8730 8729
14872 8716 8717 8731 8730
14873 8717 8718 8732 8731
14874 8718 8719 8733 8732
14875 8719 8720 8734 8733
14876 8720 8721 8735 8734
14877 8721 8722 8736 8735
14878 8722 8723 8737 8736
14879 8723 8724 8738 8737
14880 8724 6102 6103 8738
14881 6779 8725 8739 6780
14882 8725 8726 8740 8739
14883 8726 8727 8741 8740
14884 8727 8728 8742 8741
14885 8728 8729 8743 8742
14886 8729 8730 8744 8743
14887 8730 8731 8745 8744
14888 8731 8732 8746 8745
14889 8732 8733 8747 8746
14890 8733 8734 8748 8747
14891 8734 8735 8749 8748
14892 8735 8736 8750 8749
14893 8736 8737 8751 8750
14894 8737 8738 8752 8751
14895 8738 6103 6104 8752
14896 6780 8739 8753 6781
14897 8739 8740 8754 8753
14898 8740 8741 8755 8754
14899 8741 8742 8756 8755
14900 8742 8743 8757 8756
14901 8743 8744 8758 8757
14902 8744 8745 8759 8758
14903 8745 8746 8760 8759
14904 8746 8747 8761 8760
14905 8747 8748 8762 8761
14906 8748 8749 8763 8762
14907 8749 8750 8764 8763
14908 8750 8751 8765 8764
14909 8751 8752 8766 8765
14910 8752 6104 6105 8766
14911 6781 8753 8767 6782
14912 8753 8754 8768 8767
14913 8754 8755 8769 8768
14914 8755 8756 8770 8769
14915 8756 8757 8771 8770
14916 8757 8758 8772 8771
14917 8758 8759 8773 8772
14918 8759 8760 8774 8773
14919 8760 8761 8775 8774
14920 8761 8762 8776 8775
14921 8762 8763 8777 8776
14922 8763 8764 8778 8777
14923 8764 8765 8779 8778
14924 8765 8766 8780 8779
14925 8766 6105 6106 8780
14926 6782 8767 8781 6783
14927 8767 8768 8782 8781
14928 8768 8769 8783 8782
14929 8769 8770 8784 8783
14930 8770 8771 8785 8784
14931 8771 8772 8786 8785
14932 8772 8773 8787 8786
14933 8773 8774 8788 8787
14934 8774 8775 8789 8788
14935 8775 8776 8790 8789
14936 8776 8777 8791 8790
14937 8777 8778 8792 8791
14938 8778 8779 8793 8792
14939 8779 8780 8794 8793
14940 8780 6106 6107 8794
14941 6783 8781 8795 6784
14942 8781 8782 8796 8795
14943 8782 8783 8797 8796
14944 8783 8784 8798 8797
14945 8784 8785 8799 8798
14946 8785 8786 8800 8799
14947 8786 8787 8801 8800
14948 8787 8788 8802 8801
14949 8788 8789 8803 8802
14950 8789 8790 8804 8803
14951 8790 8791 8805 8804
14952 8791 8792 8806 8805
14953 8792 8793 8807 8806
14954 8793 8794 8808 8807
14955 8794 6107 6108 8808
14956 6784 8795 8809 6785
14957 8795 8796 8810 8809
14958 8796 8797 8811 8810
14959 8797 8798 8812 8811
14960 8798 8799 8813 8812
14961 8799 8800 8814 8813
14962 8800 8801 8815 8814
14963 8801 8802 8816 8815
14964 8802 8803 8817 8816
14965 8803 8804 8818 8817
14966 8804 8805 8819 8818
14967 8805 8806 8820 8819
14968 8806 8807 8821 8820
14969 8807 8808 8822 8821
14970 8808 6108 6109 8822
14971 6785 8809 8823 6786
14972 8809 8810 8824 8823
14973 8810 8811 8825 8824
14974 8811 8812 8826 8825
14975 8812 8813 8827 8826
14976 8813 8814 8828 8827
14977 8814 8815 8829 8828
14978 8815 8816 8830 8829
14979 8816 8817 8831 8830
14980 8817 8818 8832 8831
14981 8818 8819 8833 8832
14982 8819 8820 8834 8833
14983 8820 8821 8835 8834
14984 8821 8822 8836 8835
14985 8822 6109 6110 8836
14986 6786 8823 8151 6762
14987 8823 8824 8152 8151
14988 8824 8825 8153 8152
14989 8825 8826 8154 8153
14990 8826 8827 8155 8154
14991 8827 8828 8156 8155
14992 8828 8829 8157 8156
14993 8829 8830 8158 8157
14994 8830 8831 8159 8158
14995 8831 8832 8160 8159
14996 8832 8833 8161 8160
14997 8833 8834 8162 8161
14998 8834 8835 8163 8162
14999 8835 8836 8164 8163
15000 8836 6110 6086 8164
