       625
8 1352 727 703 729
16 1351 1352 729 730
24 1350 1351 730 731
32 1349 1350 731 732
40 1348 1349 732 733
48 1347 1348 733 734
56 1346 1347 734 735
64 1345 1346 735 736
72 1344 1345 736 737
80 1343 1344 737 738
88 1342 1343 738 739
96 1341 1342 739 740
104 1340 1341 740 741
112 1339 1340 741 742
120 1338 1339 742 743
128 1337 1338 743 744
136 1336 1337 744 745
144 1335 1336 745 746
152 1334 1335 746 747
160 1333 1334 747 748
168 1332 1333 748 749
176 1331 1332 749 750
184 1330 1331 750 751
192 1329 1330 751 752
200 753 1329 752 728
208 1328 726 727 1352
216 1327 1328 1352 1351
224 1326 1327 1351 1350
232 1325 1326 1350 1349
240 1324 1325 1349 1348
248 1323 1324 1348 1347
256 1322 1323 1347 1346
264 1321 1322 1346 1345
272 1320 1321 1345 1344
280 1319 1320 1344 1343
288 1318 1319 1343 1342
296 1317 1318 1342 1341
304 1316 1317 1341 1340
312 1315 1316 1340 1339
320 1314 1315 1339 1338
328 1313 1314 1338 1337
336 1312 1313 1337 1336
344 1311 1312 1336 1335
352 1310 1311 1335 1334
360 1309 1310 1334 1333
368 1308 1309 1333 1332
376 1307 1308 1332 1331
384 1306 1307 1331 1330
392 1305 1306 1330 1329
400 754 1305 1329 753
408 1304 725 726 1328
416 1303 1304 1328 1327
424 1302 1303 1327 1326
432 1301 1302 1326 1325
440 1300 1301 1325 1324
448 1299 1300 1324 1323
456 1298 1299 1323 1322
464 1297 1298 1322 1321
472 1296 1297 1321 1320
480 1295 1296 1320 1319
488 1294 1295 1319 1318
496 1293 1294 1318 1317
504 1292 1293 1317 1316
512 1291 1292 1316 1315
520 1290 1291 1315 1314
528 1289 1290 1314 1313
536 1288 1289 1313 1312
544 1287 1288 1312 1311
552 1286 1287 1311 1310
560 1285 1286 1310 1309
568 1284 1285 1309 1308
576 1283 1284 1308 1307
584 1282 1283 1307 1306
592 1281 1282 1306 1305
600 755 1281 1305 754
608 1280 724 725 1304
616 1279 1280 1304 1303
624 1278 1279 1303 1302
632 1277 1278 1302 1301
640 1276 1277 1301 1300
648 1275 1276 1300 1299
656 1274 1275 1299 1298
664 1273 1274 1298 1297
672 1272 1273 1297 1296
680 1271 1272 1296 1295
688 1270 1271 1295 1294
696 1269 1270 1294 1293
704 1268 1269 1293 1292
712 1267 1268 1292 1291
720 1266 1267 1291 1290
728 1265 1266 1290 1289
736 1264 1265 1289 1288
744 1263 1264 1288 1287
752 1262 1263 1287 1286
760 1261 1262 1286 1285
768 1260 1261 1285 1284
776 1259 1260 1284 1283
784 1258 1259 1283 1282
792 1257 1258 1282 1281
800 756 1257 1281 755
808 1256 723 724 1280
816 1255 1256 1280 1279
824 1254 1255 1279 1278
832 1253 1254 1278 1277
840 1252 1253 1277 1276
848 1251 1252 1276 1275
856 1250 1251 1275 1274
864 1249 1250 1274 1273
872 1248 1249 1273 1272
880 1247 1248 1272 1271
888 1246 1247 1271 1270
896 1245 1246 1270 1269
904 1244 1245 1269 1268
912 1243 1244 1268 1267
920 1242 1243 1267 1266
928 1241 1242 1266 1265
936 1240 1241 1265 1264
944 1239 1240 1264 1263
952 1238 1239 1263 1262
960 1237 1238 1262 1261
968 1236 1237 1261 1260
976 1235 1236 1260 1259
984 1234 1235 1259 1258
992 1233 1234 1258 1257
1000 757 1233 1257 756
1008 1232 722 723 1256
1016 1231 1232 1256 1255
1024 1230 1231 1255 1254
1032 1229 1230 1254 1253
1040 1228 1229 1253 1252
1048 1227 1228 1252 1251
1056 1226 1227 1251 1250
1064 1225 1226 1250 1249
1072 1224 1225 1249 1248
1080 1223 1224 1248 1247
1088 1222 1223 1247 1246
1096 1221 1222 1246 1245
1104 1220 1221 1245 1244
1112 1219 1220 1244 1243
1120 1218 1219 1243 1242
1128 1217 1218 1242 1241
1136 1216 1217 1241 1240
1144 1215 1216 1240 1239
1152 1214 1215 1239 1238
1160 1213 1214 1238 1237
1168 1212 1213 1237 1236
1176 1211 1212 1236 1235
1184 1210 1211 1235 1234
1192 1209 1210 1234 1233
1200 758 1209 1233 757
1208 1208 721 722 1232
1216 1207 1208 1232 1231
1224 1206 1207 1231 1230
1232 1205 1206 1230 1229
1240 1204 1205 1229 1228
1248 1203 1204 1228 1227
1256 1202 1203 1227 1226
1264 1201 1202 1226 1225
1272 1200 1201 1225 1224
1280 1199 1200 1224 1223
1288 1198 1199 1223 1222
1296 1197 1198 1222 1221
1304 1196 1197 1221 1220
1312 1195 1196 1220 1219
1320 1194 1195 1219 1218
1328 1193 1194 1218 1217
1336 1192 1193 1217 1216
1344 1191 1192 1216 1215
1352 1190 1191 1215 1214
1360 1189 1190 1214 1213
1368 1188 1189 1213 1212
1376 1187 1188 1212 1211
1384 1186 1187 1211 1210
1392 1185 1186 1210 1209
1400 759 1185 1209 758
1408 1184 720 721 1208
1416 1183 1184 1208 1207
1424 1182 1183 1207 1206
1432 1181 1182 1206 1205
1440 1180 1181 1205 1204
1448 1179 1180 1204 1203
1456 1178 1179 1203 1202
1464 1177 1178 1202 1201
1472 1176 1177 1201 1200
1480 1175 1176 1200 1199
1488 1174 1175 1199 1198
1496 1173 1174 1198 1197
1504 1172 1173 1197 1196
1512 1171 1172 1196 1195
1520 1170 1171 1195 1194
1528 1169 1170 1194 1193
1536 1168 1169 1193 1192
1544 1167 1168 1192 1191
1552 1166 1167 1191 1190
1560 1165 1166 1190 1189
1568 1164 1165 1189 1188
1576 1163 1164 1188 1187
1584 1162 1163 1187 1186
1592 1161 1162 1186 1185
1600 760 1161 1185 759
1608 1160 719 720 1184
1616 1159 1160 1184 1183
1624 1158 1159 1183 1182
1632 1157 1158 1182 1181
1640 1156 1157 1181 1180
1648 1155 1156 1180 1179
1656 1154 1155 1179 1178
1664 1153 1154 1178 1177
1672 1152 1153 1177 1176
1680 1151 1152 1176 1175
1688 1150 1151 1175 1174
1696 1149 1150 1174 1173
1704 1148 1149 1173 1172
1712 1147 1148 1172 1171
1720 1146 1147 1171 1170
1728 1145 1146 1170 1169
1736 1144 1145 1169 1168
1744 1143 1144 1168 1167
1752 1142 1143 1167 1166
1760 1141 1142 1166 1165
1768 1140 1141 1165 1164
1776 1139 1140 1164 1163
1784 1138 1139 1163 1162
1792 1137 1138 1162 1161
1800 761 1137 1161 760
1808 1136 718 719 1160
1816 1135 1136 1160 1159
1824 1134 1135 1159 1158
1832 1133 1134 1158 1157
1840 1132 1133 1157 1156
1848 1131 1132 1156 1155
1856 1130 1131 1155 1154
1864 1129 1130 1154 1153
1872 1128 1129 1153 1152
1880 1127 1128 1152 1151
1888 1126 1127 1151 1150
1896 1125 1126 1150 1149
1904 1124 1125 1149 1148
1912 1123 1124 1148 1147
1920 1122 1123 1147 1146
1928 1121 1122 1146 1145
1936 1120 1121 1145 1144
1944 1119 1120 1144 1143
1952 1118 1119 1143 1142
1960 1117 1118 1142 1141
1968 1116 1117 1141 1140
1976 1115 1116 1140 1139
1984 1114 1115 1139 1138
1992 1113 1114 1138 1137
2000 762 1113 1137 761
2008 1112 717 718 1136
2016 1111 1112 1136 1135
2024 1110 1111 1135 1134
2032 1109 1110 1134 1133
2040 1108 1109 1133 1132
2048 1107 1108 1132 1131
2056 1106 1107 1131 1130
2064 1105 1106 1130 1129
2072 1104 1105 1129 1128
2080 1103 1104 1128 1127
2088 1102 1103 1127 1126
2096 1101 1102 1126 1125
2104 1100 1101 1125 1124
2112 1099 1100 1124 1123
2120 1098 1099 1123 1122
2128 1097 1098 1122 1121
2136 1096 1097 1121 1120
2144 1095 1096 1120 1119
2152 1094 1095 1119 1118
2160 1093 1094 1118 1117
2168 1092 1093 1117 1116
2176 1091 1092 1116 1115
2184 1090 1091 1115 1114
2192 1089 1090 1114 1113
2200 763 1089 1113 762
2208 1088 716 717 1112
2216 1087 1088 1112 1111
2224 1086 1087 1111 1110
2232 1085 1086 1110 1109
2240 1084 1085 1109 1108
2248 1083 1084 1108 1107
2256 1082 1083 1107 1106
2264 1081 1082 1106 1105
2272 1080 1081 1105 1104
2280 1079 1080 1104 1103
2288 1078 1079 1103 1102
2296 1077 1078 1102 1101
2304 1076 1077 1101 1100
2312 1075 1076 1100 1099
2320 1074 1075 1099 1098
2328 1073 1074 1098 1097
2336 1072 1073 1097 1096
2344 1071 1072 1096 1095
2352 1070 1071 1095 1094
2360 1069 1070 1094 1093
2368 1068 1069 1093 1092
2376 1067 1068 1092 1091
2384 1066 1067 1091 1090
2392 1065 1066 1090 1089
2400 764 1065 1089 763
2408 1064 715 716 1088
2416 1063 1064 1088 1087
2424 1062 1063 1087 1086
2432 1061 1062 1086 1085
2440 1060 1061 1085 1084
2448 1059 1060 1084 1083
2456 1058 1059 1083 1082
2464 1057 1058 1082 1081
2472 1056 1057 1081 1080
2480 1055 1056 1080 1079
2488 1054 1055 1079 1078
2496 1053 1054 1078 1077
2504 1052 1053 1077 1076
2512 1051 1052 1076 1075
2520 1050 1051 1075 1074
2528 1049 1050 1074 1073
2536 1048 1049 1073 1072
2544 1047 1048 1072 1071
2552 1046 1047 1071 1070
2560 1045 1046 1070 1069
2568 1044 1045 1069 1068
2576 1043 1044 1068 1067
2584 1042 1043 1067 1066
2592 1041 1042 1066 1065
2600 765 1041 1065 764
2608 1040 714 715 1064
2616 1039 1040 1064 1063
2624 1038 1039 1063 1062
2632 1037 1038 1062 1061
2640 1036 1037 1061 1060
2648 1035 1036 1060 1059
2656 1034 1035 1059 1058
2664 1033 1034 1058 1057
2672 1032 1033 1057 1056
2680 1031 1032 1056 1055
2688 1030 1031 1055 1054
2696 1029 1030 1054 1053
2704 1028 1029 1053 1052
2712 1027 1028 1052 1051
2720 1026 1027 1051 1050
2728 1025 1026 1050 1049
2736 1024 1025 1049 1048
2744 1023 1024 1048 1047
2752 1022 1023 1047 1046
2760 1021 1022 1046 1045
2768 1020 1021 1045 1044
2776 1019 1020 1044 1043
2784 1018 1019 1043 1042
2792 1017 1018 1042 1041
2800 766 1017 1041 765
2808 1016 713 714 1040
2816 1015 1016 1040 1039
2824 1014 1015 1039 1038
2832 1013 1014 1038 1037
2840 1012 1013 1037 1036
2848 1011 1012 1036 1035
2856 1010 1011 1035 1034
2864 1009 1010 1034 1033
2872 1008 1009 1033 1032
2880 1007 1008 1032 1031
2888 1006 1007 1031 1030
2896 1005 1006 1030 1029
2904 1004 1005 1029 1028
2912 1003 1004 1028 1027
2920 1002 1003 1027 1026
2928 1001 1002 1026 1025
2936 1000 1001 1025 1024
2944 999 1000 1024 1023
2952 998 999 1023 1022
2960 997 998 1022 1021
2968 996 997 1021 1020
2976 995 996 1020 1019
2984 994 995 1019 1018
2992 993 994 1018 1017
3000 767 993 1017 766
3008 992 712 713 1016
3016 991 992 1016 1015
3024 990 991 1015 1014
3032 989 990 1014 1013
3040 988 989 1013 1012
3048 987 988 1012 1011
3056 986 987 1011 1010
3064 985 986 1010 1009
3072 984 985 1009 1008
3080 983 984 1008 1007
3088 982 983 1007 1006
3096 981 982 1006 1005
3104 980 981 1005 1004
3112 979 980 1004 1003
3120 978 979 1003 1002
3128 977 978 1002 1001
3136 976 977 1001 1000
3144 975 976 1000 999
3152 974 975 999 998
3160 973 974 998 997
3168 972 973 997 996
3176 971 972 996 995
3184 970 971 995 994
3192 969 970 994 993
3200 768 969 993 767
3208 968 711 712 992
3216 967 968 992 991
3224 966 967 991 990
3232 965 966 990 989
3240 964 965 989 988
3248 963 964 988 987
3256 962 963 987 986
3264 961 962 986 985
3272 960 961 985 984
3280 959 960 984 983
3288 958 959 983 982
3296 957 958 982 981
3304 956 957 981 980
3312 955 956 980 979
3320 954 955 979 978
3328 953 954 978 977
3336 952 953 977 976
3344 951 952 976 975
3352 950 951 975 974
3360 949 950 974 973
3368 948 949 973 972
3376 947 948 972 971
3384 946 947 971 970
3392 945 946 970 969
3400 769 945 969 768
3408 944 710 711 968
3416 943 944 968 967
3424 942 943 967 966
3432 941 942 966 965
3440 940 941 965 964
3448 939 940 964 963
3456 938 939 963 962
3464 937 938 962 961
3472 936 937 961 960
3480 935 936 960 959
3488 934 935 959 958
3496 933 934 958 957
3504 932 933 957 956
3512 931 932 956 955
3520 930 931 955 954
3528 929 930 954 953
3536 928 929 953 952
3544 927 928 952 951
3552 926 927 951 950
3560 925 926 950 949
3568 924 925 949 948
3576 923 924 948 947
3584 922 923 947 946
3592 921 922 946 945
3600 770 921 945 769
3608 920 709 710 944
3616 919 920 944 943
3624 918 919 943 942
3632 917 918 942 941
3640 916 917 941 940
3648 915 916 940 939
3656 914 915 939 938
3664 913 914 938 937
3672 912 913 937 936
3680 911 912 936 935
3688 910 911 935 934
3696 909 910 934 933
3704 908 909 933 932
3712 907 908 932 931
3720 906 907 931 930
3728 905 906 930 929
3736 904 905 929 928
3744 903 904 928 927
3752 902 903 927 926
3760 901 902 926 925
3768 900 901 925 924
3776 899 900 924 923
3784 898 899 923 922
3792 897 898 922 921
3800 771 897 921 770
3808 896 708 709 920
3816 895 896 920 919
3824 894 895 919 918
3832 893 894 918 917
3840 892 893 917 916
3848 891 892 916 915
3856 890 891 915 914
3864 889 890 914 913
3872 888 889 913 912
3880 887 888 912 911
3888 886 887 911 910
3896 885 886 910 909
3904 884 885 909 908
3912 883 884 908 907
3920 882 883 907 906
3928 881 882 906 905
3936 880 881 905 904
3944 879 880 904 903
3952 878 879 903 902
3960 877 878 902 901
3968 876 877 901 900
3976 875 876 900 899
3984 874 875 899 898
3992 873 874 898 897
4000 772 873 897 771
4008 872 707 708 896
4016 871 872 896 895
4024 870 871 895 894
4032 869 870 894 893
4040 868 869 893 892
4048 867 868 892 891
4056 866 867 891 890
4064 865 866 890 889
4072 864 865 889 888
4080 863 864 888 887
4088 862 863 887 886
4096 861 862 886 885
4104 860 861 885 884
4112 859 860 884 883
4120 858 859 883 882
4128 857 858 882 881
4136 856 857 881 880
4144 855 856 880 879
4152 854 855 879 878
4160 853 854 878 877
4168 852 853 877 876
4176 851 852 876 875
4184 850 851 875 874
4192 849 850 874 873
4200 773 849 873 772
4208 848 706 707 872
4216 847 848 872 871
4224 846 847 871 870
4232 845 846 870 869
4240 844 845 869 868
4248 843 844 868 867
4256 842 843 867 866
4264 841 842 866 865
4272 840 841 865 864
4280 839 840 864 863
4288 838 839 863 862
4296 837 838 862 861
4304 836 837 861 860
4312 835 836 860 859
4320 834 835 859 858
4328 833 834 858 857
4336 832 833 857 856
4344 831 832 856 855
4352 830 831 855 854
4360 829 830 854 853
4368 828 829 853 852
4376 827 828 852 851
4384 826 827 851 850
4392 825 826 850 849
4400 774 825 849 773
4408 824 705 706 848
4416 823 824 848 847
4424 822 823 847 846
4432 821 822 846 845
4440 820 821 845 844
4448 819 820 844 843
4456 818 819 843 842
4464 817 818 842 841
4472 816 817 841 840
4480 815 816 840 839
4488 814 815 839 838
4496 813 814 838 837
4504 812 813 837 836
4512 811 812 836 835
4520 810 811 835 834
4528 809 810 834 833
4536 808 809 833 832
4544 807 808 832 831
4552 806 807 831 830
4560 805 806 830 829
4568 804 805 829 828
4576 803 804 828 827
4584 802 803 827 826
4592 801 802 826 825
4600 775 801 825 774
4608 800 704 705 824
4616 799 800 824 823
4624 798 799 823 822
4632 797 798 822 821
4640 796 797 821 820
4648 795 796 820 819
4656 794 795 819 818
4664 793 794 818 817
4672 792 793 817 816
4680 791 792 816 815
4688 790 791 815 814
4696 789 790 814 813
4704 788 789 813 812
4712 787 788 812 811
4720 786 787 811 810
4728 785 786 810 809
4736 784 785 809 808
4744 783 784 808 807
4752 782 783 807 806
4760 781 782 806 805
4768 780 781 805 804
4776 779 780 804 803
4784 778 779 803 802
4792 777 778 802 801
4800 776 777 801 775
4808 702 678 704 800
4816 701 702 800 799
4824 700 701 799 798
4832 699 700 798 797
4840 698 699 797 796
4848 697 698 796 795
4856 696 697 795 794
4864 695 696 794 793
4872 694 695 793 792
4880 693 694 792 791
4888 692 693 791 790
4896 691 692 790 789
4904 690 691 789 788
4912 689 690 788 787
4920 688 689 787 786
4928 687 688 786 785
4936 686 687 785 784
4944 685 686 784 783
4952 684 685 783 782
4960 683 684 782 781
4968 682 683 781 780
4976 681 682 780 779
4984 680 681 779 778
4992 679 680 778 777
5000 677 679 777 776
