       600
193 51 1878 1535 27
194 1878 1879 1536 1535
195 1879 1880 1537 1536
196 1880 1881 1538 1537
197 1881 1882 1539 1538
198 1882 1883 1540 1539
199 1883 1884 1541 1540
200 1884 753 728 1541
393 50 1871 1878 51
394 1871 1872 1879 1878
395 1872 1873 1880 1879
396 1873 1874 1881 1880
397 1874 1875 1882 1881
398 1875 1876 1883 1882
399 1876 1877 1884 1883
400 1877 754 753 1884
593 49 1864 1871 50
594 1864 1865 1872 1871
595 1865 1866 1873 1872
596 1866 1867 1874 1873
597 1867 1868 1875 1874
598 1868 1869 1876 1875
599 1869 1870 1877 1876
600 1870 755 754 1877
793 48 1857 1864 49
794 1857 1858 1865 1864
795 1858 1859 1866 1865
796 1859 1860 1867 1866
797 1860 1861 1868 1867
798 1861 1862 1869 1868
799 1862 1863 1870 1869
800 1863 756 755 1870
993 47 1850 1857 48
994 1850 1851 1858 1857
995 1851 1852 1859 1858
996 1852 1853 1860 1859
997 1853 1854 1861 1860
998 1854 1855 1862 1861
999 1855 1856 1863 1862
1000 1856 757 756 1863
1193 46 1843 1850 47
1194 1843 1844 1851 1850
1195 1844 1845 1852 1851
1196 1845 1846 1853 1852
1197 1846 1847 1854 1853
1198 1847 1848 1855 1854
1199 1848 1849 1856 1855
1200 1849 758 757 1856
1393 45 1836 1843 46
1394 1836 1837 1844 1843
1395 1837 1838 1845 1844
1396 1838 1839 1846 1845
1397 1839 1840 1847 1846
1398 1840 1841 1848 1847
1399 1841 1842 1849 1848
1400 1842 759 758 1849
1593 44 1829 1836 45
1594 1829 1830 1837 1836
1595 1830 1831 1838 1837
1596 1831 1832 1839 1838
1597 1832 1833 1840 1839
1598 1833 1834 1841 1840
1599 1834 1835 1842 1841
1600 1835 760 759 1842
1793 43 1822 1829 44
1794 1822 1823 1830 1829
1795 1823 1824 1831 1830
1796 1824 1825 1832 1831
1797 1825 1826 1833 1832
1798 1826 1827 1834 1833
1799 1827 1828 1835 1834
1800 1828 761 760 1835
1993 42 1815 1822 43
1994 1815 1816 1823 1822
1995 1816 1817 1824 1823
1996 1817 1818 1825 1824
1997 1818 1819 1826 1825
1998 1819 1820 1827 1826
1999 1820 1821 1828 1827
2000 1821 762 761 1828
2193 41 1808 1815 42
2194 1808 1809 1816 1815
2195 1809 1810 1817 1816
2196 1810 1811 1818 1817
2197 1811 1812 1819 1818
2198 1812 1813 1820 1819
2199 1813 1814 1821 1820
2200 1814 763 762 1821
2393 40 1801 1808 41
2394 1801 1802 1809 1808
2395 1802 1803 1810 1809
2396 1803 1804 1811 1810
2397 1804 1805 1812 1811
2398 1805 1806 1813 1812
2399 1806 1807 1814 1813
2400 1807 764 763 1814
2593 39 1794 1801 40
2594 1794 1795 1802 1801
2595 1795 1796 1803 1802
2596 1796 1797 1804 1803
2597 1797 1798 1805 1804
2598 1798 1799 1806 1805
2599 1799 1800 1807 1806
2600 1800 765 764 1807
2793 38 1787 1794 39
2794 1787 1788 1795 1794
2795 1788 1789 1796 1795
2796 1789 1790 1797 1796
2797 1790 1791 1798 1797
2798 1791 1792 1799 1798
2799 1792 1793 1800 1799
2800 1793 766 765 1800
2993 37 1780 1787 38
2994 1780 1781 1788 1787
2995 1781 1782 1789 1788
2996 1782 1783 1790 1789
2997 1783 1784 1791 1790
2998 1784 1785 1792 1791
2999 1785 1786 1793 1792
3000 1786 767 766 1793
3193 36 1773 1780 37
3194 1773 1774 1781 1780
3195 1774 1775 1782 1781
3196 1775 1776 1783 1782
3197 1776 1777 1784 1783
3198 1777 1778 1785 1784
3199 1778 1779 1786 1785
3200 1779 768 767 1786
3393 35 1766 1773 36
3394 1766 1767 1774 1773
3395 1767 1768 1775 1774
3396 1768 1769 1776 1775
3397 1769 1770 1777 1776
3398 1770 1771 1778 1777
3399 1771 1772 1779 1778
3400 1772 769 768 1779
3593 34 1759 1766 35
3594 1759 1760 1767 1766
3595 1760 1761 1768 1767
3596 1761 1762 1769 1768
3597 1762 1763 1770 1769
3598 1763 1764 1771 1770
3599 1764 1765 1772 1771
3600 1765 770 769 1772
3793 33 1752 1759 34
3794 1752 1753 1760 1759
3795 1753 1754 1761 1760
3796 1754 1755 1762 1761
3797 1755 1756 1763 1762
3798 1756 1757 1764 1763
3799 1757 1758 1765 1764
3800 1758 771 770 1765
3993 32 1745 1752 33
3994 1745 1746 1753 1752
3995 1746 1747 1754 1753
3996 1747 1748 1755 1754
3997 1748 1749 1756 1755
3998 1749 1750 1757 1756
3999 1750 1751 1758 1757
4000 1751 772 771 1758
4193 31 1738 1745 32
4194 1738 1739 1746 1745
4195 1739 1740 1747 1746
4196 1740 1741 1748 1747
4197 1741 1742 1749 1748
4198 1742 1743 1750 1749
4199 1743 1744 1751 1750
4200 1744 773 772 1751
4393 30 1731 1738 31
4394 1731 1732 1739 1738
4395 1732 1733 1740 1739
4396 1733 1734 1741 1740
4397 1734 1735 1742 1741
4398 1735 1736 1743 1742
4399 1736 1737 1744 1743
4400 1737 774 773 1744
4593 29 1724 1731 30
4594 1724 1725 1732 1731
4595 1725 1726 1733 1732
4596 1726 1727 1734 1733
4597 1727 1728 1735 1734
4598 1728 1729 1736 1735
4599 1729 1730 1737 1736
4600 1730 775 774 1737
4793 28 1717 1724 29
4794 1717 1718 1725 1724
4795 1718 1719 1726 1725
4796 1719 1720 1727 1726
4797 1720 1721 1728 1727
4798 1721 1722 1729 1728
4799 1722 1723 1730 1729
4800 1723 776 775 1730
4993 2 1710 1717 28
4994 1710 1711 1718 1717
4995 1711 1712 1719 1718
4996 1712 1713 1720 1719
4997 1713 1714 1721 1720
4998 1714 1715 1722 1721
4999 1715 1716 1723 1722
5000 1716 677 776 1723
5025 6135 51 27 6111
5050 6134 50 51 6135
5075 6133 49 50 6134
5100 6132 48 49 6133
5125 6131 47 48 6132
5150 6130 46 47 6131
5175 6129 45 46 6130
5200 6128 44 45 6129
5225 6127 43 44 6128
5250 6126 42 43 6127
5275 6125 41 42 6126
5300 6124 40 41 6125
5325 6123 39 40 6124
5350 6122 38 39 6123
5375 6121 37 38 6122
5400 6120 36 37 6121
5425 6119 35 36 6120
5450 6118 34 35 6119
5475 6117 33 34 6118
5500 6116 32 33 6117
5525 6115 31 32 6116
5550 6114 30 31 6115
5575 6113 29 30 6114
5600 6112 28 29 6113
5625 6086 2 28 6112
5986 6811 8487 7801 6787
5987 8487 8488 7802 7801
5988 8488 8489 7803 7802
5989 8489 8490 7804 7803
5990 8490 8491 7805 7804
5991 8491 8492 7806 7805
5992 8492 8493 7807 7806
5993 8493 8494 7808 7807
5994 8494 8495 7809 7808
5995 8495 8496 7810 7809
5996 8496 8497 7811 7810
5997 8497 8498 7812 7811
5998 8498 8499 7813 7812
5999 8499 8500 7814 7813
6000 8500 6135 6111 7814
6361 6810 8473 8487 6811
6362 8473 8474 8488 8487
6363 8474 8475 8489 8488
6364 8475 8476 8490 8489
6365 8476 8477 8491 8490
6366 8477 8478 8492 8491
6367 8478 8479 8493 8492
6368 8479 8480 8494 8493
6369 8480 8481 8495 8494
6370 8481 8482 8496 8495
6371 8482 8483 8497 8496
6372 8483 8484 8498 8497
6373 8484 8485 8499 8498
6374 8485 8486 8500 8499
6375 8486 6134 6135 8500
6736 6809 8459 8473 6810
6737 8459 8460 8474 8473
6738 8460 8461 8475 8474
6739 8461 8462 8476 8475
6740 8462 8463 8477 8476
6741 8463 8464 8478 8477
6742 8464 8465 8479 8478
6743 8465 8466 8480 8479
6744 8466 8467 8481 8480
6745 8467 8468 8482 8481
6746 8468 8469 8483 8482
6747 8469 8470 8484 8483
6748 8470 8471 8485 8484
6749 8471 8472 8486 8485
6750 8472 6133 6134 8486
7111 6808 8445 8459 6809
7112 8445 8446 8460 8459
7113 8446 8447 8461 8460
7114 8447 8448 8462 8461
7115 8448 8449 8463 8462
7116 8449 8450 8464 8463
7117 8450 8451 8465 8464
7118 8451 8452 8466 8465
7119 8452 8453 8467 8466
7120 8453 8454 8468 8467
7121 8454 8455 8469 8468
7122 8455 8456 8470 8469
7123 8456 8457 8471 8470
7124 8457 8458 8472 8471
7125 8458 6132 6133 8472
7486 6807 8431 8445 6808
7487 8431 8432 8446 8445
7488 8432 8433 8447 8446
7489 8433 8434 8448 8447
7490 8434 8435 8449 8448
7491 8435 8436 8450 8449
7492 8436 8437 8451 8450
7493 8437 8438 8452 8451
7494 8438 8439 8453 8452
7495 8439 8440 8454 8453
7496 8440 8441 8455 8454
7497 8441 8442 8456 8455
7498 8442 8443 8457 8456
7499 8443 8444 8458 8457
7500 8444 6131 6132 8458
7861 6806 8417 8431 6807
7862 8417 8418 8432 8431
7863 8418 8419 8433 8432
7864 8419 8420 8434 8433
7865 8420 8421 8435 8434
7866 8421 8422 8436 8435
7867 8422 8423 8437 8436
7868 8423 8424 8438 8437
7869 8424 8425 8439 8438
7870 8425 8426 8440 8439
7871 8426 8427 8441 8440
7872 8427 8428 8442 8441
7873 8428 8429 8443 8442
7874 8429 8430 8444 8443
7875 8430 6130 6131 8444
8236 6805 8403 8417 6806
8237 8403 8404 8418 8417
8238 8404 8405 8419 8418
8239 8405 8406 8420 8419
8240 8406 8407 8421 8420
8241 8407 8408 8422 8421
8242 8408 8409 8423 8422
8243 8409 8410 8424 8423
8244 8410 8411 8425 8424
8245 8411 8412 8426 8425
8246 8412 8413 8427 8426
8247 8413 8414 8428 8427
8248 8414 8415 8429 8428
8249 8415 8416 8430 8429
8250 8416 6129 6130 8430
8611 6804 8389 8403 6805
8612 8389 8390 8404 8403
8613 8390 8391 8405 8404
8614 8391 8392 8406 8405
8615 8392 8393 8407 8406
8616 8393 8394 8408 8407
8617 8394 8395 8409 8408
8618 8395 8396 8410 8409
8619 8396 8397 8411 8410
8620 8397 8398 8412 8411
8621 8398 8399 8413 8412
8622 8399 8400 8414 8413
8623 8400 8401 8415 8414
8624 8401 8402 8416 8415
8625 8402 6128 6129 8416
8986 6803 8375 8389 6804
8987 8375 8376 8390 8389
8988 8376 8377 8391 8390
8989 8377 8378 8392 8391
8990 8378 8379 8393 8392
8991 8379 8380 8394 8393
8992 8380 8381 8395 8394
8993 8381 8382 8396 8395
8994 8382 8383 8397 8396
8995 8383 8384 8398 8397
8996 8384 8385 8399 8398
8997 8385 8386 8400 8399
8998 8386 8387 8401 8400
8999 8387 8388 8402 8401
9000 8388 6127 6128 8402
9361 6802 8361 8375 6803
9362 8361 8362 8376 8375
9363 8362 8363 8377 8376
9364 8363 8364 8378 8377
9365 8364 8365 8379 8378
9366 8365 8366 8380 8379
9367 8366 8367 8381 8380
9368 8367 8368 8382 8381
9369 8368 8369 8383 8382
9370 8369 8370 8384 8383
9371 8370 8371 8385 8384
9372 8371 8372 8386 8385
9373 8372 8373 8387 8386
9374 8373 8374 8388 8387
9375 8374 6126 6127 8388
9736 6801 8347 8361 6802
9737 8347 8348 8362 8361
9738 8348 8349 8363 8362
9739 8349 8350 8364 8363
9740 8350 8351 8365 8364
9741 8351 8352 8366 8365
9742 8352 8353 8367 8366
9743 8353 8354 8368 8367
9744 8354 8355 8369 8368
9745 8355 8356 8370 8369
9746 8356 8357 8371 8370
9747 8357 8358 8372 8371
9748 8358 8359 8373 8372
9749 8359 8360 8374 8373
9750 8360 6125 6126 8374
10111 6800 8333 8347 6801
10112 8333 8334 8348 8347
10113 8334 8335 8349 8348
10114 8335 8336 8350 8349
10115 8336 8337 8351 8350
10116 8337 8338 8352 8351
10117 8338 8339 8353 8352
10118 8339 8340 8354 8353
10119 8340 8341 8355 8354
10120 8341 8342 8356 8355
10121 8342 8343 8357 8356
10122 8343 8344 8358 8357
10123 8344 8345 8359 8358
10124 8345 8346 8360 8359
10125 8346 6124 6125 8360
10486 6799 8319 8333 6800
10487 8319 8320 8334 8333
10488 8320 8321 8335 8334
10489 8321 8322 8336 8335
10490 8322 8323 8337 8336
10491 8323 8324 8338 8337
10492 8324 8325 8339 8338
10493 8325 8326 8340 8339
10494 8326 8327 8341 8340
10495 8327 8328 8342 8341
10496 8328 8329 8343 8342
10497 8329 8330 8344 8343
10498 8330 8331 8345 8344
10499 8331 8332 8346 8345
10500 8332 6123 6124 8346
10861 6798 8305 8319 6799
10862 8305 8306 8320 8319
10863 8306 8307 8321 8320
10864 8307 8308 8322 8321
10865 8308 8309 8323 8322
10866 8309 8310 8324 8323
10867 8310 8311 8325 8324
10868 8311 8312 8326 8325
10869 8312 8313 8327 8326
10870 8313 8314 8328 8327
10871 8314 8315 8329 8328
10872 8315 8316 8330 8329
10873 8316 8317 8331 8330
10874 8317 8318 8332 8331
10875 8318 6122 6123 8332
11236 6797 8291 8305 6798
11237 8291 8292 8306 8305
11238 8292 8293 8307 8306
11239 8293 8294 8308 8307
11240 8294 8295 8309 8308
11241 8295 8296 8310 8309
11242 8296 8297 8311 8310
11243 8297 8298 8312 8311
11244 8298 8299 8313 8312
11245 8299 8300 8314 8313
11246 8300 8301 8315 8314
11247 8301 8302 8316 8315
11248 8302 8303 8317 8316
11249 8303 8304 8318 8317
11250 8304 6121 6122 8318
11611 6796 8277 8291 6797
11612 8277 8278 8292 8291
11613 8278 8279 8293 8292
11614 8279 8280 8294 8293
11615 8280 8281 8295 8294
11616 8281 8282 8296 8295
11617 8282 8283 8297 8296
11618 8283 8284 8298 8297
11619 8284 8285 8299 8298
11620 8285 8286 8300 8299
11621 8286 8287 8301 8300
11622 8287 8288 8302 8301
11623 8288 8289 8303 8302
11624 8289 8290 8304 8303
11625 8290 6120 6121 8304
11986 6795 8263 8277 6796
11987 8263 8264 8278 8277
11988 8264 8265 8279 8278
11989 8265 8266 8280 8279
11990 8266 8267 8281 8280
11991 8267 8268 8282 8281
11992 8268 8269 8283 8282
11993 8269 8270 8284 8283
11994 8270 8271 8285 8284
11995 8271 8272 8286 8285
11996 8272 8273 8287 8286
11997 8273 8274 8288 8287
11998 8274 8275 8289 8288
11999 8275 8276 8290 8289
12000 8276 6119 6120 8290
12361 6794 8249 8263 6795
12362 8249 8250 8264 8263
12363 8250 8251 8265 8264
12364 8251 8252 8266 8265
12365 8252 8253 8267 8266
12366 8253 8254 8268 8267
12367 8254 8255 8269 8268
12368 8255 8256 8270 8269
12369 8256 8257 8271 8270
12370 8257 8258 8272 8271
12371 8258 8259 8273 8272
12372 8259 8260 8274 8273
12373 8260 8261 8275 8274
12374 8261 8262 8276 8275
12375 8262 6118 6119 8276
12736 6793 8235 8249 6794
12737 8235 8236 8250 8249
12738 8236 8237 8251 8250
12739 8237 8238 8252 8251
12740 8238 8239 8253 8252
12741 8239 8240 8254 8253
12742 8240 8241 8255 8254
12743 8241 8242 8256 8255
12744 8242 8243 8257 8256
12745 8243 8244 8258 8257
12746 8244 8245 8259 8258
12747 8245 8246 8260 8259
12748 8246 8247 8261 8260
12749 8247 8248 8262 8261
12750 8248 6117 6118 8262
13111 6792 8221 8235 6793
13112 8221 8222 8236 8235
13113 8222 8223 8237 8236
13114 8223 8224 8238 8237
13115 8224 8225 8239 8238
13116 8225 8226 8240 8239
13117 8226 8227 8241 8240
13118 8227 8228 8242 8241
13119 8228 8229 8243 8242
13120 8229 8230 8244 8243
13121 8230 8231 8245 8244
13122 8231 8232 8246 8245
13123 8232 8233 8247 8246
13124 8233 8234 8248 8247
13125 8234 6116 6117 8248
13486 6791 8207 8221 6792
13487 8207 8208 8222 8221
13488 8208 8209 8223 8222
13489 8209 8210 8224 8223
13490 8210 8211 8225 8224
13491 8211 8212 8226 8225
13492 8212 8213 8227 8226
13493 8213 8214 8228 8227
13494 8214 8215 8229 8228
13495 8215 8216 8230 8229
13496 8216 8217 8231 8230
13497 8217 8218 8232 8231
13498 8218 8219 8233 8232
13499 8219 8220 8234 8233
13500 8220 6115 6116 8234
13861 6790 8193 8207 6791
13862 8193 8194 8208 8207
13863 8194 8195 8209 8208
13864 8195 8196 8210 8209
13865 8196 8197 8211 8210
13866 8197 8198 8212 8211
13867 8198 8199 8213 8212
13868 8199 8200 8214 8213
13869 8200 8201 8215 8214
13870 8201 8202 8216 8215
13871 8202 8203 8217 8216
13872 8203 8204 8218 8217
13873 8204 8205 8219 8218
13874 8205 8206 8220 8219
13875 8206 6114 6115 8220
14236 6789 8179 8193 6790
14237 8179 8180 8194 8193
14238 8180 8181 8195 8194
14239 8181 8182 8196 8195
14240 8182 8183 8197 8196
14241 8183 8184 8198 8197
14242 8184 8185 8199 8198
14243 8185 8186 8200 8199
14244 8186 8187 8201 8200
14245 8187 8188 8202 8201
14246 8188 8189 8203 8202
14247 8189 8190 8204 8203
14248 8190 8191 8205 8204
14249 8191 8192 8206 8205
14250 8192 6113 6114 8206
14611 6788 8165 8179 6789
14612 8165 8166 8180 8179
14613 8166 8167 8181 8180
14614 8167 8168 8182 8181
14615 8168 8169 8183 8182
14616 8169 8170 8184 8183
14617 8170 8171 8185 8184
14618 8171 8172 8186 8185
14619 8172 8173 8187 8186
14620 8173 8174 8188 8187
14621 8174 8175 8189 8188
14622 8175 8176 8190 8189
14623 8176 8177 8191 8190
14624 8177 8178 8192 8191
14625 8178 6112 6113 8192
14986 6762 8151 8165 6788
14987 8151 8152 8166 8165
14988 8152 8153 8167 8166
14989 8153 8154 8168 8167
14990 8154 8155 8169 8168
14991 8155 8156 8170 8169
14992 8156 8157 8171 8170
14993 8157 8158 8172 8171
14994 8158 8159 8173 8172
14995 8159 8160 8174 8173
14996 8160 8161 8175 8174
14997 8161 8162 8176 8175
14998 8162 8163 8177 8176
14999 8163 8164 8178 8177
15000 8164 6086 6112 8178
