       600
1 76 1703 1353 52
2 1703 1704 1354 1353
3 1704 1705 1355 1354
4 1705 1706 1356 1355
5 1706 1707 1357 1356
6 1707 1708 1358 1357
7 1708 1709 1359 1358
8 1709 729 703 1359
9 75 1696 1703 76
10 1696 1697 1704 1703
11 1697 1698 1705 1704
12 1698 1699 1706 1705
13 1699 1700 1707 1706
14 1700 1701 1708 1707
15 1701 1702 1709 1708
16 1702 730 729 1709
17 74 1689 1696 75
18 1689 1690 1697 1696
19 1690 1691 1698 1697
20 1691 1692 1699 1698
21 1692 1693 1700 1699
22 1693 1694 1701 1700
23 1694 1695 1702 1701
24 1695 731 730 1702
25 73 1682 1689 74
26 1682 1683 1690 1689
27 1683 1684 1691 1690
28 1684 1685 1692 1691
29 1685 1686 1693 1692
30 1686 1687 1694 1693
31 1687 1688 1695 1694
32 1688 732 731 1695
33 72 1675 1682 73
34 1675 1676 1683 1682
35 1676 1677 1684 1683
36 1677 1678 1685 1684
37 1678 1679 1686 1685
38 1679 1680 1687 1686
39 1680 1681 1688 1687
40 1681 733 732 1688
41 71 1668 1675 72
42 1668 1669 1676 1675
43 1669 1670 1677 1676
44 1670 1671 1678 1677
45 1671 1672 1679 1678
46 1672 1673 1680 1679
47 1673 1674 1681 1680
48 1674 734 733 1681
49 70 1661 1668 71
50 1661 1662 1669 1668
51 1662 1663 1670 1669
52 1663 1664 1671 1670
53 1664 1665 1672 1671
54 1665 1666 1673 1672
55 1666 1667 1674 1673
56 1667 735 734 1674
57 69 1654 1661 70
58 1654 1655 1662 1661
59 1655 1656 1663 1662
60 1656 1657 1664 1663
61 1657 1658 1665 1664
62 1658 1659 1666 1665
63 1659 1660 1667 1666
64 1660 736 735 1667
65 68 1647 1654 69
66 1647 1648 1655 1654
67 1648 1649 1656 1655
68 1649 1650 1657 1656
69 1650 1651 1658 1657
70 1651 1652 1659 1658
71 1652 1653 1660 1659
72 1653 737 736 1660
73 67 1640 1647 68
74 1640 1641 1648 1647
75 1641 1642 1649 1648
76 1642 1643 1650 1649
77 1643 1644 1651 1650
78 1644 1645 1652 1651
79 1645 1646 1653 1652
80 1646 738 737 1653
81 66 1633 1640 67
82 1633 1634 1641 1640
83 1634 1635 1642 1641
84 1635 1636 1643 1642
85 1636 1637 1644 1643
86 1637 1638 1645 1644
87 1638 1639 1646 1645
88 1639 739 738 1646
89 65 1626 1633 66
90 1626 1627 1634 1633
91 1627 1628 1635 1634
92 1628 1629 1636 1635
93 1629 1630 1637 1636
94 1630 1631 1638 1637
95 1631 1632 1639 1638
96 1632 740 739 1639
97 64 1619 1626 65
98 1619 1620 1627 1626
99 1620 1621 1628 1627
100 1621 1622 1629 1628
101 1622 1623 1630 1629
102 1623 1624 1631 1630
103 1624 1625 1632 1631
104 1625 741 740 1632
105 63 1612 1619 64
106 1612 1613 1620 1619
107 1613 1614 1621 1620
108 1614 1615 1622 1621
109 1615 1616 1623 1622
110 1616 1617 1624 1623
111 1617 1618 1625 1624
112 1618 742 741 1625
113 62 1605 1612 63
114 1605 1606 1613 1612
115 1606 1607 1614 1613
116 1607 1608 1615 1614
117 1608 1609 1616 1615
118 1609 1610 1617 1616
119 1610 1611 1618 1617
120 1611 743 742 1618
121 61 1598 1605 62
122 1598 1599 1606 1605
123 1599 1600 1607 1606
124 1600 1601 1608 1607
125 1601 1602 1609 1608
126 1602 1603 1610 1609
127 1603 1604 1611 1610
128 1604 744 743 1611
129 60 1591 1598 61
130 1591 1592 1599 1598
131 1592 1593 1600 1599
132 1593 1594 1601 1600
133 1594 1595 1602 1601
134 1595 1596 1603 1602
135 1596 1597 1604 1603
136 1597 745 744 1604
137 59 1584 1591 60
138 1584 1585 1592 1591
139 1585 1586 1593 1592
140 1586 1587 1594 1593
141 1587 1588 1595 1594
142 1588 1589 1596 1595
143 1589 1590 1597 1596
144 1590 746 745 1597
145 58 1577 1584 59
146 1577 1578 1585 1584
147 1578 1579 1586 1585
148 1579 1580 1587 1586
149 1580 1581 1588 1587
150 1581 1582 1589 1588
151 1582 1583 1590 1589
152 1583 747 746 1590
153 57 1570 1577 58
154 1570 1571 1578 1577
155 1571 1572 1579 1578
156 1572 1573 1580 1579
157 1573 1574 1581 1580
158 1574 1575 1582 1581
159 1575 1576 1583 1582
160 1576 748 747 1583
161 56 1563 1570 57
162 1563 1564 1571 1570
163 1564 1565 1572 1571
164 1565 1566 1573 1572
165 1566 1567 1574 1573
166 1567 1568 1575 1574
167 1568 1569 1576 1575
168 1569 749 748 1576
169 55 1556 1563 56
170 1556 1557 1564 1563
171 1557 1558 1565 1564
172 1558 1559 1566 1565
173 1559 1560 1567 1566
174 1560 1561 1568 1567
175 1561 1562 1569 1568
176 1562 750 749 1569
177 54 1549 1556 55
178 1549 1550 1557 1556
179 1550 1551 1558 1557
180 1551 1552 1559 1558
181 1552 1553 1560 1559
182 1553 1554 1561 1560
183 1554 1555 1562 1561
184 1555 751 750 1562
185 53 1542 1549 54
186 1542 1543 1550 1549
187 1543 1544 1551 1550
188 1544 1545 1552 1551
189 1545 1546 1553 1552
190 1546 1547 1554 1553
191 1547 1548 1555 1554
192 1548 752 751 1555
193 27 1535 1542 53
194 1535 1536 1543 1542
195 1536 1537 1544 1543
196 1537 1538 1545 1544
197 1538 1539 1546 1545
198 1539 1540 1547 1546
199 1540 1541 1548 1547
200 1541 728 752 1548
5001 6160 76 52 6136
5002 6159 75 76 6160
5003 6158 74 75 6159
5004 6157 73 74 6158
5005 6156 72 73 6157
5006 6155 71 72 6156
5007 6154 70 71 6155
5008 6153 69 70 6154
5009 6152 68 69 6153
5010 6151 67 68 6152
5011 6150 66 67 6151
5012 6149 65 66 6150
5013 6148 64 65 6149
5014 6147 63 64 6148
5015 6146 62 63 6147
5016 6145 61 62 6146
5017 6144 60 61 6145
5018 6143 59 60 6144
5019 6142 58 59 6143
5020 6141 57 58 6142
5021 6140 56 57 6141
5022 6139 55 56 6140
5023 6138 54 55 6139
5024 6137 53 54 6138
5025 6111 27 53 6137
5626 6836 8137 7437 6812
5627 8137 8138 7438 7437
5628 8138 8139 7439 7438
5629 8139 8140 7440 7439
5630 8140 8141 7441 7440
5631 8141 8142 7442 7441
5632 8142 8143 7443 7442
5633 8143 8144 7444 7443
5634 8144 8145 7445 7444
5635 8145 8146 7446 7445
5636 8146 8147 7447 7446
5637 8147 8148 7448 7447
5638 8148 8149 7449 7448
5639 8149 8150 7450 7449
5640 8150 6160 6136 7450
5641 6835 8123 8137 6836
5642 8123 8124 8138 8137
5643 8124 8125 8139 8138
5644 8125 8126 8140 8139
5645 8126 8127 8141 8140
5646 8127 8128 8142 8141
5647 8128 8129 8143 8142
5648 8129 8130 8144 8143
5649 8130 8131 8145 8144
5650 8131 8132 8146 8145
5651 8132 8133 8147 8146
5652 8133 8134 8148 8147
5653 8134 8135 8149 8148
5654 8135 8136 8150 8149
5655 8136 6159 6160 8150
5656 6834 8109 8123 6835
5657 8109 8110 8124 8123
5658 8110 8111 8125 8124
5659 8111 8112 8126 8125
5660 8112 8113 8127 8126
5661 8113 8114 8128 8127
5662 8114 8115 8129 8128
5663 8115 8116 8130 8129
5664 8116 8117 8131 8130
5665 8117 8118 8132 8131
5666 8118 8119 8133 8132
5667 8119 8120 8134 8133
5668 8120 8121 8135 8134
5669 8121 8122 8136 8135
5670 8122 6158 6159 8136
5671 6833 8095 8109 6834
5672 8095 8096 8110 8109
5673 8096 8097 8111 8110
5674 8097 8098 8112 8111
5675 8098 8099 8113 8112
5676 8099 8100 8114 8113
5677 8100 8101 8115 8114
5678 8101 8102 8116 8115
5679 8102 8103 8117 8116
5680 8103 8104 8118 8117
5681 8104 8105 8119 8118
5682 8105 8106 8120 8119
5683 8106 8107 8121 8120
5684 8107 8108 8122 8121
5685 8108 6157 6158 8122
5686 6832 8081 8095 6833
5687 8081 8082 8096 8095
5688 8082 8083 8097 8096
5689 8083 8084 8098 8097
5690 8084 8085 8099 8098
5691 8085 8086 8100 8099
5692 8086 8087 8101 8100
5693 8087 8088 8102 8101
5694 8088 8089 8103 8102
5695 8089 8090 8104 8103
5696 8090 8091 8105 8104
5697 8091 8092 8106 8105
5698 8092 8093 8107 8106
5699 8093 8094 8108 8107
5700 8094 6156 6157 8108
5701 6831 8067 8081 6832
5702 8067 8068 8082 8081
5703 8068 8069 8083 8082
5704 8069 8070 8084 8083
5705 8070 8071 8085 8084
5706 8071 8072 8086 8085
5707 8072 8073 8087 8086
5708 8073 8074 8088 8087
5709 8074 8075 8089 8088
5710 8075 8076 8090 8089
5711 8076 8077 8091 8090
5712 8077 8078 8092 8091
5713 8078 8079 8093 8092
5714 8079 8080 8094 8093
5715 8080 6155 6156 8094
5716 6830 8053 8067 6831
5717 8053 8054 8068 8067
5718 8054 8055 8069 8068
5719 8055 8056 8070 8069
5720 8056 8057 8071 8070
5721 8057 8058 8072 8071
5722 8058 8059 8073 8072
5723 8059 8060 8074 8073
5724 8060 8061 8075 8074
5725 8061 8062 8076 8075
5726 8062 8063 8077 8076
5727 8063 8064 8078 8077
5728 8064 8065 8079 8078
5729 8065 8066 8080 8079
5730 8066 6154 6155 8080
5731 6829 8039 8053 6830
5732 8039 8040 8054 8053
5733 8040 8041 8055 8054
5734 8041 8042 8056 8055
5735 8042 8043 8057 8056
5736 8043 8044 8058 8057
5737 8044 8045 8059 8058
5738 8045 8046 8060 8059
5739 8046 8047 8061 8060
5740 8047 8048 8062 8061
5741 8048 8049 8063 8062
5742 8049 8050 8064 8063
5743 8050 8051 8065 8064
5744 8051 8052 8066 8065
5745 8052 6153 6154 8066
5746 6828 8025 8039 6829
5747 8025 8026 8040 8039
5748 8026 8027 8041 8040
5749 8027 8028 8042 8041
5750 8028 8029 8043 8042
5751 8029 8030 8044 8043
5752 8030 8031 8045 8044
5753 8031 8032 8046 8045
5754 8032 8033 8047 8046
5755 8033 8034 8048 8047
5756 8034 8035 8049 8048
5757 8035 8036 8050 8049
5758 8036 8037 8051 8050
5759 8037 8038 8052 8051
5760 8038 6152 6153 8052
5761 6827 8011 8025 6828
5762 8011 8012 8026 8025
5763 8012 8013 8027 8026
5764 8013 8014 8028 8027
5765 8014 8015 8029 8028
5766 8015 8016 8030 8029
5767 8016 8017 8031 8030
5768 8017 8018 8032 8031
5769 8018 8019 8033 8032
5770 8019 8020 8034 8033
5771 8020 8021 8035 8034
5772 8021 8022 8036 8035
5773 8022 8023 8037 8036
5774 8023 8024 8038 8037
5775 8024 6151 6152 8038
5776 6826 7997 8011 6827
5777 7997 7998 8012 8011
5778 7998 7999 8013 8012
5779 7999 8000 8014 8013
5780 8000 8001 8015 8014
5781 8001 8002 8016 8015
5782 8002 8003 8017 8016
5783 8003 8004 8018 8017
5784 8004 8005 8019 8018
5785 8005 8006 8020 8019
5786 8006 8007 8021 8020
5787 8007 8008 8022 8021
5788 8008 8009 8023 8022
5789 8009 8010 8024 8023
5790 8010 6150 6151 8024
5791 6825 7983 7997 6826
5792 7983 7984 7998 7997
5793 7984 7985 7999 7998
5794 7985 7986 8000 7999
5795 7986 7987 8001 8000
5796 7987 7988 8002 8001
5797 7988 7989 8003 8002
5798 7989 7990 8004 8003
5799 7990 7991 8005 8004
5800 7991 7992 8006 8005
5801 7992 7993 8007 8006
5802 7993 7994 8008 8007
5803 7994 7995 8009 8008
5804 7995 7996 8010 8009
5805 7996 6149 6150 8010
5806 6824 7969 7983 6825
5807 7969 7970 7984 7983
5808 7970 7971 7985 7984
5809 7971 7972 7986 7985
5810 7972 7973 7987 7986
5811 7973 7974 7988 7987
5812 7974 7975 7989 7988
5813 7975 7976 7990 7989
5814 7976 7977 7991 7990
5815 7977 7978 7992 7991
5816 7978 7979 7993 7992
5817 7979 7980 7994 7993
5818 7980 7981 7995 7994
5819 7981 7982 7996 7995
5820 7982 6148 6149 7996
5821 6823 7955 7969 6824
5822 7955 7956 7970 7969
5823 7956 7957 7971 7970
5824 7957 7958 7972 7971
5825 7958 7959 7973 7972
5826 7959 7960 7974 7973
5827 7960 7961 7975 7974
5828 7961 7962 7976 7975
5829 7962 7963 7977 7976
5830 7963 7964 7978 7977
5831 7964 7965 7979 7978
5832 7965 7966 7980 7979
5833 7966 7967 7981 7980
5834 7967 7968 7982 7981
5835 7968 6147 6148 7982
5836 6822 7941 7955 6823
5837 7941 7942 7956 7955
5838 7942 7943 7957 7956
5839 7943 7944 7958 7957
5840 7944 7945 7959 7958
5841 7945 7946 7960 7959
5842 7946 7947 7961 7960
5843 7947 7948 7962 7961
5844 7948 7949 7963 7962
5845 7949 7950 7964 7963
5846 7950 7951 7965 7964
5847 7951 7952 7966 7965
5848 7952 7953 7967 7966
5849 7953 7954 7968 7967
5850 7954 6146 6147 7968
5851 6821 7927 7941 6822
5852 7927 7928 7942 7941
5853 7928 7929 7943 7942
5854 7929 7930 7944 7943
5855 7930 7931 7945 7944
5856 7931 7932 7946 7945
5857 7932 7933 7947 7946
5858 7933 7934 7948 7947
5859 7934 7935 7949 7948
5860 7935 7936 7950 7949
5861 7936 7937 7951 7950
5862 7937 7938 7952 7951
5863 7938 7939 7953 7952
5864 7939 7940 7954 7953
5865 7940 6145 6146 7954
5866 6820 7913 7927 6821
5867 7913 7914 7928 7927
5868 7914 7915 7929 7928
5869 7915 7916 7930 7929
5870 7916 7917 7931 7930
5871 7917 7918 7932 7931
5872 7918 7919 7933 7932
5873 7919 7920 7934 7933
5874 7920 7921 7935 7934
5875 7921 7922 7936 7935
5876 7922 7923 7937 7936
5877 7923 7924 7938 7937
5878 7924 7925 7939 7938
5879 7925 7926 7940 7939
5880 7926 6144 6145 7940
5881 6819 7899 7913 6820
5882 7899 7900 7914 7913
5883 7900 7901 7915 7914
5884 7901 7902 7916 7915
5885 7902 7903 7917 7916
5886 7903 7904 7918 7917
5887 7904 7905 7919 7918
5888 7905 7906 7920 7919
5889 7906 7907 7921 7920
5890 7907 7908 7922 7921
5891 7908 7909 7923 7922
5892 7909 7910 7924 7923
5893 7910 7911 7925 7924
5894 7911 7912 7926 7925
5895 7912 6143 6144 7926
5896 6818 7885 7899 6819
5897 7885 7886 7900 7899
5898 7886 7887 7901 7900
5899 7887 7888 7902 7901
5900 7888 7889 7903 7902
5901 7889 7890 7904 7903
5902 7890 7891 7905 7904
5903 7891 7892 7906 7905
5904 7892 7893 7907 7906
5905 7893 7894 7908 7907
5906 7894 7895 7909 7908
5907 7895 7896 7910 7909
5908 7896 7897 7911 7910
5909 7897 7898 7912 7911
5910 7898 6142 6143 7912
5911 6817 7871 7885 6818
5912 7871 7872 7886 7885
5913 7872 7873 7887 7886
5914 7873 7874 7888 7887
5915 7874 7875 7889 7888
5916 7875 7876 7890 7889
5917 7876 7877 7891 7890
5918 7877 7878 7892 7891
5919 7878 7879 7893 7892
5920 7879 7880 7894 7893
5921 7880 7881 7895 7894
5922 7881 7882 7896 7895
5923 7882 7883 7897 7896
5924 7883 7884 7898 7897
5925 7884 6141 6142 7898
5926 6816 7857 7871 6817
5927 7857 7858 7872 7871
5928 7858 7859 7873 7872
5929 7859 7860 7874 7873
5930 7860 7861 7875 7874
5931 7861 7862 7876 7875
5932 7862 7863 7877 7876
5933 7863 7864 7878 7877
5934 7864 7865 7879 7878
5935 7865 7866 7880 7879
5936 7866 7867 7881 7880
5937 7867 7868 7882 7881
5938 7868 7869 7883 7882
5939 7869 7870 7884 7883
5940 7870 6140 6141 7884
5941 6815 7843 7857 6816
5942 7843 7844 7858 7857
5943 7844 7845 7859 7858
5944 7845 7846 7860 7859
5945 7846 7847 7861 7860
5946 7847 7848 7862 7861
5947 7848 7849 7863 7862
5948 7849 7850 7864 7863
5949 7850 7851 7865 7864
5950 7851 7852 7866 7865
5951 7852 7853 7867 7866
5952 7853 7854 7868 7867
5953 7854 7855 7869 7868
5954 7855 7856 7870 7869
5955 7856 6139 6140 7870
5956 6814 7829 7843 6815
5957 7829 7830 7844 7843
5958 7830 7831 7845 7844
5959 7831 7832 7846 7845
5960 7832 7833 7847 7846
5961 7833 7834 7848 7847
5962 7834 7835 7849 7848
5963 7835 7836 7850 7849
5964 7836 7837 7851 7850
5965 7837 7838 7852 7851
5966 7838 7839 7853 7852
5967 7839 7840 7854 7853
5968 7840 7841 7855 7854
5969 7841 7842 7856 7855
5970 7842 6138 6139 7856
5971 6813 7815 7829 6814
5972 7815 7816 7830 7829
5973 7816 7817 7831 7830
5974 7817 7818 7832 7831
5975 7818 7819 7833 7832
5976 7819 7820 7834 7833
5977 7820 7821 7835 7834
5978 7821 7822 7836 7835
5979 7822 7823 7837 7836
5980 7823 7824 7838 7837
5981 7824 7825 7839 7838
5982 7825 7826 7840 7839
5983 7826 7827 7841 7840
5984 7827 7828 7842 7841
5985 7828 6137 6138 7842
5986 6787 7801 7815 6813
5987 7801 7802 7816 7815
5988 7802 7803 7817 7816
5989 7803 7804 7818 7817
5990 7804 7805 7819 7818
5991 7805 7806 7820 7819
5992 7806 7807 7821 7820
5993 7807 7808 7822 7821
5994 7808 7809 7823 7822
5995 7809 7810 7824 7823
5996 7810 7811 7825 7824
5997 7811 7812 7826 7825
5998 7812 7813 7827 7826
5999 7813 7814 7828 7827
6000 7814 6111 6137 7828
