       625
5626 6837 7413 6836 6812
5641 7413 7414 6835 6836
5656 7414 7415 6834 6835
5671 7415 7416 6833 6834
5686 7416 7417 6832 6833
5701 7417 7418 6831 6832
5716 7418 7419 6830 6831
5731 7419 7420 6829 6830
5746 7420 7421 6828 6829
5761 7421 7422 6827 6828
5776 7422 7423 6826 6827
5791 7423 7424 6825 6826
5806 7424 7425 6824 6825
5821 7425 7426 6823 6824
5836 7426 7427 6822 6823
5851 7427 7428 6821 6822
5866 7428 7429 6820 6821
5881 7429 7430 6819 6820
5896 7430 7431 6818 6819
5911 7431 7432 6817 6818
5926 7432 7433 6816 6817
5941 7433 7434 6815 6816
5956 7434 7435 6814 6815
5971 7435 7436 6813 6814
5986 7436 6811 6787 6813
6001 6838 7389 7413 6837
6016 7389 7390 7414 7413
6031 7390 7391 7415 7414
6046 7391 7392 7416 7415
6061 7392 7393 7417 7416
6076 7393 7394 7418 7417
6091 7394 7395 7419 7418
6106 7395 7396 7420 7419
6121 7396 7397 7421 7420
6136 7397 7398 7422 7421
6151 7398 7399 7423 7422
6166 7399 7400 7424 7423
6181 7400 7401 7425 7424
6196 7401 7402 7426 7425
6211 7402 7403 7427 7426
6226 7403 7404 7428 7427
6241 7404 7405 7429 7428
6256 7405 7406 7430 7429
6271 7406 7407 7431 7430
6286 7407 7408 7432 7431
6301 7408 7409 7433 7432
6316 7409 7410 7434 7433
6331 7410 7411 7435 7434
6346 7411 7412 7436 7435
6361 7412 6810 6811 7436
6376 6839 7365 7389 6838
6391 7365 7366 7390 7389
6406 7366 7367 7391 7390
6421 7367 7368 7392 7391
6436 7368 7369 7393 7392
6451 7369 7370 7394 7393
6466 7370 7371 7395 7394
6481 7371 7372 7396 7395
6496 7372 7373 7397 7396
6511 7373 7374 7398 7397
6526 7374 7375 7399 7398
6541 7375 7376 7400 7399
6556 7376 7377 7401 7400
6571 7377 7378 7402 7401
6586 7378 7379 7403 7402
6601 7379 7380 7404 7403
6616 7380 7381 7405 7404
6631 7381 7382 7406 7405
6646 7382 7383 7407 7406
6661 7383 7384 7408 7407
6676 7384 7385 7409 7408
6691 7385 7386 7410 7409
6706 7386 7387 7411 7410
6721 7387 7388 7412 7411
6736 7388 6809 6810 7412
6751 6840 7341 7365 6839
6766 7341 7342 7366 7365
6781 7342 7343 7367 7366
6796 7343 7344 7368 7367
6811 7344 7345 7369 7368
6826 7345 7346 7370 7369
6841 7346 7347 7371 7370
6856 7347 7348 7372 7371
6871 7348 7349 7373 7372
6886 7349 7350 7374 7373
6901 7350 7351 7375 7374
6916 7351 7352 7376 7375
6931 7352 7353 7377 7376
6946 7353 7354 7378 7377
6961 7354 7355 7379 7378
6976 7355 7356 7380 7379
6991 7356 7357 7381 7380
7006 7357 7358 7382 7381
7021 7358 7359 7383 7382
7036 7359 7360 7384 7383
7051 7360 7361 7385 7384
7066 7361 7362 7386 7385
7081 7362 7363 7387 7386
7096 7363 7364 7388 7387
7111 7364 6808 6809 7388
7126 6841 7317 7341 6840
7141 7317 7318 7342 7341
7156 7318 7319 7343 7342
7171 7319 7320 7344 7343
7186 7320 7321 7345 7344
7201 7321 7322 7346 7345
7216 7322 7323 7347 7346
7231 7323 7324 7348 7347
7246 7324 7325 7349 7348
7261 7325 7326 7350 7349
7276 7326 7327 7351 7350
7291 7327 7328 7352 7351
7306 7328 7329 7353 7352
7321 7329 7330 7354 7353
7336 7330 7331 7355 7354
7351 7331 7332 7356 7355
7366 7332 7333 7357 7356
7381 7333 7334 7358 7357
7396 7334 7335 7359 7358
7411 7335 7336 7360 7359
7426 7336 7337 7361 7360
7441 7337 7338 7362 7361
7456 7338 7339 7363 7362
7471 7339 7340 7364 7363
7486 7340 6807 6808 7364
7501 6842 7293 7317 6841
7516 7293 7294 7318 7317
7531 7294 7295 7319 7318
7546 7295 7296 7320 7319
7561 7296 7297 7321 7320
7576 7297 7298 7322 7321
7591 7298 7299 7323 7322
7606 7299 7300 7324 7323
7621 7300 7301 7325 7324
7636 7301 7302 7326 7325
7651 7302 7303 7327 7326
7666 7303 7304 7328 7327
7681 7304 7305 7329 7328
7696 7305 7306 7330 7329
7711 7306 7307 7331 7330
7726 7307 7308 7332 7331
7741 7308 7309 7333 7332
7756 7309 7310 7334 7333
7771 7310 7311 7335 7334
7786 7311 7312 7336 7335
7801 7312 7313 7337 7336
7816 7313 7314 7338 7337
7831 7314 7315 7339 7338
7846 7315 7316 7340 7339
7861 7316 6806 6807 7340
7876 6843 7269 7293 6842
7891 7269 7270 7294 7293
7906 7270 7271 7295 7294
7921 7271 7272 7296 7295
7936 7272 7273 7297 7296
7951 7273 7274 7298 7297
7966 7274 7275 7299 7298
7981 7275 7276 7300 7299
7996 7276 7277 7301 7300
8011 7277 7278 7302 7301
8026 7278 7279 7303 7302
8041 7279 7280 7304 7303
8056 7280 7281 7305 7304
8071 7281 7282 7306 7305
8086 7282 7283 7307 7306
8101 7283 7284 7308 7307
8116 7284 7285 7309 7308
8131 7285 7286 7310 7309
8146 7286 7287 7311 7310
8161 7287 7288 7312 7311
8176 7288 7289 7313 7312
8191 7289 7290 7314 7313
8206 7290 7291 7315 7314
8221 7291 7292 7316 7315
8236 7292 6805 6806 7316
8251 6844 7245 7269 6843
8266 7245 7246 7270 7269
8281 7246 7247 7271 7270
8296 7247 7248 7272 7271
8311 7248 7249 7273 7272
8326 7249 7250 7274 7273
8341 7250 7251 7275 7274
8356 7251 7252 7276 7275
8371 7252 7253 7277 7276
8386 7253 7254 7278 7277
8401 7254 7255 7279 7278
8416 7255 7256 7280 7279
8431 7256 7257 7281 7280
8446 7257 7258 7282 7281
8461 7258 7259 7283 7282
8476 7259 7260 7284 7283
8491 7260 7261 7285 7284
8506 7261 7262 7286 7285
8521 7262 7263 7287 7286
8536 7263 7264 7288 7287
8551 7264 7265 7289 7288
8566 7265 7266 7290 7289
8581 7266 7267 7291 7290
8596 7267 7268 7292 7291
8611 7268 6804 6805 7292
8626 6845 7221 7245 6844
8641 7221 7222 7246 7245
8656 7222 7223 7247 7246
8671 7223 7224 7248 7247
8686 7224 7225 7249 7248
8701 7225 7226 7250 7249
8716 7226 7227 7251 7250
8731 7227 7228 7252 7251
8746 7228 7229 7253 7252
8761 7229 7230 7254 7253
8776 7230 7231 7255 7254
8791 7231 7232 7256 7255
8806 7232 7233 7257 7256
8821 7233 7234 7258 7257
8836 7234 7235 7259 7258
8851 7235 7236 7260 7259
8866 7236 7237 7261 7260
8881 7237 7238 7262 7261
8896 7238 7239 7263 7262
8911 7239 7240 7264 7263
8926 7240 7241 7265 7264
8941 7241 7242 7266 7265
8956 7242 7243 7267 7266
8971 7243 7244 7268 7267
8986 7244 6803 6804 7268
9001 6846 7197 7221 6845
9016 7197 7198 7222 7221
9031 7198 7199 7223 7222
9046 7199 7200 7224 7223
9061 7200 7201 7225 7224
9076 7201 7202 7226 7225
9091 7202 7203 7227 7226
9106 7203 7204 7228 7227
9121 7204 7205 7229 7228
9136 7205 7206 7230 7229
9151 7206 7207 7231 7230
9166 7207 7208 7232 7231
9181 7208 7209 7233 7232
9196 7209 7210 7234 7233
9211 7210 7211 7235 7234
9226 7211 7212 7236 7235
9241 7212 7213 7237 7236
9256 7213 7214 7238 7237
9271 7214 7215 7239 7238
9286 7215 7216 7240 7239
9301 7216 7217 7241 7240
9316 7217 7218 7242 7241
9331 7218 7219 7243 7242
9346 7219 7220 7244 7243
9361 7220 6802 6803 7244
9376 6847 7173 7197 6846
9391 7173 7174 7198 7197
9406 7174 7175 7199 7198
9421 7175 7176 7200 7199
9436 7176 7177 7201 7200
9451 7177 7178 7202 7201
9466 7178 7179 7203 7202
9481 7179 7180 7204 7203
9496 7180 7181 7205 7204
9511 7181 7182 7206 7205
9526 7182 7183 7207 7206
9541 7183 7184 7208 7207
9556 7184 7185 7209 7208
9571 7185 7186 7210 7209
9586 7186 7187 7211 7210
9601 7187 7188 7212 7211
9616 7188 7189 7213 7212
9631 7189 7190 7214 7213
9646 7190 7191 7215 7214
9661 7191 7192 7216 7215
9676 7192 7193 7217 7216
9691 7193 7194 7218 7217
9706 7194 7195 7219 7218
9721 7195 7196 7220 7219
9736 7196 6801 6802 7220
9751 6848 7149 7173 6847
9766 7149 7150 7174 7173
9781 7150 7151 7175 7174
9796 7151 7152 7176 7175
9811 7152 7153 7177 7176
9826 7153 7154 7178 7177
9841 7154 7155 7179 7178
9856 7155 7156 7180 7179
9871 7156 7157 7181 7180
9886 7157 7158 7182 7181
9901 7158 7159 7183 7182
9916 7159 7160 7184 7183
9931 7160 7161 7185 7184
9946 7161 7162 7186 7185
9961 7162 7163 7187 7186
9976 7163 7164 7188 7187
9991 7164 7165 7189 7188
10006 7165 7166 7190 7189
10021 7166 7167 7191 7190
10036 7167 7168 7192 7191
10051 7168 7169 7193 7192
10066 7169 7170 7194 7193
10081 7170 7171 7195 7194
10096 7171 7172 7196 7195
10111 7172 6800 6801 7196
10126 6849 7125 7149 6848
10141 7125 7126 7150 7149
10156 7126 7127 7151 7150
10171 7127 7128 7152 7151
10186 7128 7129 7153 7152
10201 7129 7130 7154 7153
10216 7130 7131 7155 7154
10231 7131 7132 7156 7155
10246 7132 7133 7157 7156
10261 7133 7134 7158 7157
10276 7134 7135 7159 7158
10291 7135 7136 7160 7159
10306 7136 7137 7161 7160
10321 7137 7138 7162 7161
10336 7138 7139 7163 7162
10351 7139 7140 7164 7163
10366 7140 7141 7165 7164
10381 7141 7142 7166 7165
10396 7142 7143 7167 7166
10411 7143 7144 7168 7167
10426 7144 7145 7169 7168
10441 7145 7146 7170 7169
10456 7146 7147 7171 7170
10471 7147 7148 7172 7171
10486 7148 6799 6800 7172
10501 6850 7101 7125 6849
10516 7101 7102 7126 7125
10531 7102 7103 7127 7126
10546 7103 7104 7128 7127
10561 7104 7105 7129 7128
10576 7105 7106 7130 7129
10591 7106 7107 7131 7130
10606 7107 7108 7132 7131
10621 7108 7109 7133 7132
10636 7109 7110 7134 7133
10651 7110 7111 7135 7134
10666 7111 7112 7136 7135
10681 7112 7113 7137 7136
10696 7113 7114 7138 7137
10711 7114 7115 7139 7138
10726 7115 7116 7140 7139
10741 7116 7117 7141 7140
10756 7117 7118 7142 7141
10771 7118 7119 7143 7142
10786 7119 7120 7144 7143
10801 7120 7121 7145 7144
10816 7121 7122 7146 7145
10831 7122 7123 7147 7146
10846 7123 7124 7148 7147
10861 7124 6798 6799 7148
10876 6851 7077 7101 6850
10891 7077 7078 7102 7101
10906 7078 7079 7103 7102
10921 7079 7080 7104 7103
10936 7080 7081 7105 7104
10951 7081 7082 7106 7105
10966 7082 7083 7107 7106
10981 7083 7084 7108 7107
10996 7084 7085 7109 7108
11011 7085 7086 7110 7109
11026 7086 7087 7111 7110
11041 7087 7088 7112 7111
11056 7088 7089 7113 7112
11071 7089 7090 7114 7113
11086 7090 7091 7115 7114
11101 7091 7092 7116 7115
11116 7092 7093 7117 7116
11131 7093 7094 7118 7117
11146 7094 7095 7119 7118
11161 7095 7096 7120 7119
11176 7096 7097 7121 7120
11191 7097 7098 7122 7121
11206 7098 7099 7123 7122
11221 7099 7100 7124 7123
11236 7100 6797 6798 7124
11251 6852 7053 7077 6851
11266 7053 7054 7078 7077
11281 7054 7055 7079 7078
11296 7055 7056 7080 7079
11311 7056 7057 7081 7080
11326 7057 7058 7082 7081
11341 7058 7059 7083 7082
11356 7059 7060 7084 7083
11371 7060 7061 7085 7084
11386 7061 7062 7086 7085
11401 7062 7063 7087 7086
11416 7063 7064 7088 7087
11431 7064 7065 7089 7088
11446 7065 7066 7090 7089
11461 7066 7067 7091 7090
11476 7067 7068 7092 7091
11491 7068 7069 7093 7092
11506 7069 7070 7094 7093
11521 7070 7071 7095 7094
11536 7071 7072 7096 7095
11551 7072 7073 7097 7096
11566 7073 7074 7098 7097
11581 7074 7075 7099 7098
11596 7075 7076 7100 7099
11611 7076 6796 6797 7100
11626 6853 7029 7053 6852
11641 7029 7030 7054 7053
11656 7030 7031 7055 7054
11671 7031 7032 7056 7055
11686 7032 7033 7057 7056
11701 7033 7034 7058 7057
11716 7034 7035 7059 7058
11731 7035 7036 7060 7059
11746 7036 7037 7061 7060
11761 7037 7038 7062 7061
11776 7038 7039 7063 7062
11791 7039 7040 7064 7063
11806 7040 7041 7065 7064
11821 7041 7042 7066 7065
11836 7042 7043 7067 7066
11851 7043 7044 7068 7067
11866 7044 7045 7069 7068
11881 7045 7046 7070 7069
11896 7046 7047 7071 7070
11911 7047 7048 7072 7071
11926 7048 7049 7073 7072
11941 7049 7050 7074 7073
11956 7050 7051 7075 7074
11971 7051 7052 7076 7075
11986 7052 6795 6796 7076
12001 6854 7005 7029 6853
12016 7005 7006 7030 7029
12031 7006 7007 7031 7030
12046 7007 7008 7032 7031
12061 7008 7009 7033 7032
12076 7009 7010 7034 7033
12091 7010 7011 7035 7034
12106 7011 7012 7036 7035
12121 7012 7013 7037 7036
12136 7013 7014 7038 7037
12151 7014 7015 7039 7038
12166 7015 7016 7040 7039
12181 7016 7017 7041 7040
12196 7017 7018 7042 7041
12211 7018 7019 7043 7042
12226 7019 7020 7044 7043
12241 7020 7021 7045 7044
12256 7021 7022 7046 7045
12271 7022 7023 7047 7046
12286 7023 7024 7048 7047
12301 7024 7025 7049 7048
12316 7025 7026 7050 7049
12331 7026 7027 7051 7050
12346 7027 7028 7052 7051
12361 7028 6794 6795 7052
12376 6855 6981 7005 6854
12391 6981 6982 7006 7005
12406 6982 6983 7007 7006
12421 6983 6984 7008 7007
12436 6984 6985 7009 7008
12451 6985 6986 7010 7009
12466 6986 6987 7011 7010
12481 6987 6988 7012 7011
12496 6988 6989 7013 7012
12511 6989 6990 7014 7013
12526 6990 6991 7015 7014
12541 6991 6992 7016 7015
12556 6992 6993 7017 7016
12571 6993 6994 7018 7017
12586 6994 6995 7019 7018
12601 6995 6996 7020 7019
12616 6996 6997 7021 7020
12631 6997 6998 7022 7021
12646 6998 6999 7023 7022
12661 6999 7000 7024 7023
12676 7000 7001 7025 7024
12691 7001 7002 7026 7025
12706 7002 7003 7027 7026
12721 7003 7004 7028 7027
12736 7004 6793 6794 7028
12751 6856 6957 6981 6855
12766 6957 6958 6982 6981
12781 6958 6959 6983 6982
12796 6959 6960 6984 6983
12811 6960 6961 6985 6984
12826 6961 6962 6986 6985
12841 6962 6963 6987 6986
12856 6963 6964 6988 6987
12871 6964 6965 6989 6988
12886 6965 6966 6990 6989
12901 6966 6967 6991 6990
12916 6967 6968 6992 6991
12931 6968 6969 6993 6992
12946 6969 6970 6994 6993
12961 6970 6971 6995 6994
12976 6971 6972 6996 6995
12991 6972 6973 6997 6996
13006 6973 6974 6998 6997
13021 6974 6975 6999 6998
13036 6975 6976 7000 6999
13051 6976 6977 7001 7000
13066 6977 6978 7002 7001
13081 6978 6979 7003 7002
13096 6979 6980 7004 7003
13111 6980 6792 6793 7004
13126 6857 6933 6957 6856
13141 6933 6934 6958 6957
13156 6934 6935 6959 6958
13171 6935 6936 6960 6959
13186 6936 6937 6961 6960
13201 6937 6938 6962 6961
13216 6938 6939 6963 6962
13231 6939 6940 6964 6963
13246 6940 6941 6965 6964
13261 6941 6942 6966 6965
13276 6942 6943 6967 6966
13291 6943 6944 6968 6967
13306 6944 6945 6969 6968
13321 6945 6946 6970 6969
13336 6946 6947 6971 6970
13351 6947 6948 6972 6971
13366 6948 6949 6973 6972
13381 6949 6950 6974 6973
13396 6950 6951 6975 6974
13411 6951 6952 6976 6975
13426 6952 6953 6977 6976
13441 6953 6954 6978 6977
13456 6954 6955 6979 6978
13471 6955 6956 6980 6979
13486 6956 6791 6792 6980
13501 6858 6909 6933 6857
13516 6909 6910 6934 6933
13531 6910 6911 6935 6934
13546 6911 6912 6936 6935
13561 6912 6913 6937 6936
13576 6913 6914 6938 6937
13591 6914 6915 6939 6938
13606 6915 6916 6940 6939
13621 6916 6917 6941 6940
13636 6917 6918 6942 6941
13651 6918 6919 6943 6942
13666 6919 6920 6944 6943
13681 6920 6921 6945 6944
13696 6921 6922 6946 6945
13711 6922 6923 6947 6946
13726 6923 6924 6948 6947
13741 6924 6925 6949 6948
13756 6925 6926 6950 6949
13771 6926 6927 6951 6950
13786 6927 6928 6952 6951
13801 6928 6929 6953 6952
13816 6929 6930 6954 6953
13831 6930 6931 6955 6954
13846 6931 6932 6956 6955
13861 6932 6790 6791 6956
13876 6859 6885 6909 6858
13891 6885 6886 6910 6909
13906 6886 6887 6911 6910
13921 6887 6888 6912 6911
13936 6888 6889 6913 6912
13951 6889 6890 6914 6913
13966 6890 6891 6915 6914
13981 6891 6892 6916 6915
13996 6892 6893 6917 6916
14011 6893 6894 6918 6917
14026 6894 6895 6919 6918
14041 6895 6896 6920 6919
14056 6896 6897 6921 6920
14071 6897 6898 6922 6921
14086 6898 6899 6923 6922
14101 6899 6900 6924 6923
14116 6900 6901 6925 6924
14131 6901 6902 6926 6925
14146 6902 6903 6927 6926
14161 6903 6904 6928 6927
14176 6904 6905 6929 6928
14191 6905 6906 6930 6929
14206 6906 6907 6931 6930
14221 6907 6908 6932 6931
14236 6908 6789 6790 6932
14251 6860 6861 6885 6859
14266 6861 6862 6886 6885
14281 6862 6863 6887 6886
14296 6863 6864 6888 6887
14311 6864 6865 6889 6888
14326 6865 6866 6890 6889
14341 6866 6867 6891 6890
14356 6867 6868 6892 6891
14371 6868 6869 6893 6892
14386 6869 6870 6894 6893
14401 6870 6871 6895 6894
14416 6871 6872 6896 6895
14431 6872 6873 6897 6896
14446 6873 6874 6898 6897
14461 6874 6875 6899 6898
14476 6875 6876 6900 6899
14491 6876 6877 6901 6900
14506 6877 6878 6902 6901
14521 6878 6879 6903 6902
14536 6879 6880 6904 6903
14551 6880 6881 6905 6904
14566 6881 6882 6906 6905
14581 6882 6883 6907 6906
14596 6883 6884 6908 6907
14611 6884 6788 6789 6908
14626 6761 6763 6861 6860
14641 6763 6764 6862 6861
14656 6764 6765 6863 6862
14671 6765 6766 6864 6863
14686 6766 6767 6865 6864
14701 6767 6768 6866 6865
14716 6768 6769 6867 6866
14731 6769 6770 6868 6867
14746 6770 6771 6869 6868
14761 6771 6772 6870 6869
14776 6772 6773 6871 6870
14791 6773 6774 6872 6871
14806 6774 6775 6873 6872
14821 6775 6776 6874 6873
14836 6776 6777 6875 6874
14851 6777 6778 6876 6875
14866 6778 6779 6877 6876
14881 6779 6780 6878 6877
14896 6780 6781 6879 6878
14911 6781 6782 6880 6879
14926 6782 6783 6881 6880
14941 6783 6784 6882 6881
14956 6784 6785 6883 6882
14971 6785 6786 6884 6883
14986 6786 6762 6788 6884
