   2.50000004E-02     94.6301651    
   7.50000030E-02     2.68491602    
  0.125000000         1.51505971    
  0.175000012        0.671229005    
  0.224999994        0.267482221    
  0.275000006        0.109011628    
  0.324999988         5.04683480E-02
  0.375000000         3.73465754E-02
  0.425000012         2.01873388E-02
  0.474999994         1.00936694E-02
  0.524999976         4.03746776E-03
  0.575000048         0.00000000    
  0.625000000         0.00000000    
  0.674999952         0.00000000    
  0.725000024         0.00000000    
  0.774999976         0.00000000    
  0.825000048         0.00000000    
  0.875000000         0.00000000    
  0.924999952         0.00000000    
  0.975000024         0.00000000    
